1 604 50 10 1.667 0 35
1 604 50 10 2.041 0 35
1 604 50 10 5 0 35
1 604 50 10 1.667 5 35
1 604 50 10 2.041 5 35
1 604 50 10 5 5 35
1 604 50 10 1.667 10 35
1 604 50 10 2.041 10 35
1 604 50 10 5 10 35
1 604 150 30 1.667 0 45
1 604 150 30 2.041 0 45
1 604 150 30 5 0 45
1 604 150 30 1.667 5 45
1 604 150 30 2.041 5 45
1 604 150 30 5 5 45
1 604 150 30 1.667 10 45
1 604 150 30 2.041 10 45
1 604 150 30 5 10 45
2 907 50 10 1.667 0 35
2 907 50 10 2.041 0 35
2 907 50 10 5 0 35
2 907 50 10 1.667 5 35
2 907 50 10 2.041 5 35
2 907 50 10 5 5 35
2 907 50 10 1.667 10 35
2 907 50 10 2.041 10 35
2 907 50 10 5 10 35
2 907 150 30 1.667 0 45
2 907 150 30 2.041 0 45
2 907 150 30 5 0 45
2 907 150 30 1.667 5 45
2 907 150 30 2.041 5 45
2 907 150 30 5 5 45
2 907 150 30 1.667 10 45
2 907 150 30 2.041 10 45
2 907 150 30 5 10 45
3 840 50 10 1.667 0 35
3 840 50 10 2.041 0 35
3 840 50 10 5 0 35
3 840 50 10 1.667 5 35
3 840 50 10 2.041 5 35
3 840 50 10 5 5 35
3 840 50 10 1.667 10 35
3 840 50 10 2.041 10 35
3 840 50 10 5 10 35
3 840 150 30 1.667 0 45
3 840 150 30 2.041 0 45
3 840 150 30 5 0 45
3 840 150 30 1.667 5 45
3 840 150 30 2.041 5 45
3 840 150 30 5 5 45
3 840 150 30 1.667 10 45
3 840 150 30 2.041 10 45
3 840 150 30 5 10 45
4 692 50 10 1.667 0 35
4 692 50 10 2.041 0 35
4 692 50 10 5 0 35
4 692 50 10 1.667 5 35
4 692 50 10 2.041 5 35
4 692 50 10 5 5 35
4 692 50 10 1.667 10 35
4 692 50 10 2.041 10 35
4 692 50 10 5 10 35
4 692 150 30 1.667 0 45
4 692 150 30 2.041 0 45
4 692 150 30 5 0 45
4 692 150 30 1.667 5 45
4 692 150 30 2.041 5 45
4 692 150 30 5 5 45
4 692 150 30 1.667 10 45
4 692 150 30 2.041 10 45
4 692 150 30 5 10 45
5 188 50 10 1.667 0 35
5 188 50 10 2.041 0 35
5 188 50 10 5 0 35
5 188 50 10 1.667 5 35
5 188 50 10 2.041 5 35
5 188 50 10 5 5 35
5 188 50 10 1.667 10 35
5 188 50 10 2.041 10 35
5 188 50 10 5 10 35
5 188 150 30 1.667 0 45
5 188 150 30 2.041 0 45
5 188 150 30 5 0 45
5 188 150 30 1.667 5 45
5 188 150 30 2.041 5 45
5 188 150 30 5 5 45
5 188 150 30 1.667 10 45
5 188 150 30 2.041 10 45
5 188 150 30 5 10 45
6 59 50 10 1.667 0 35
6 59 50 10 2.041 0 35
6 59 50 10 5 0 35
6 59 50 10 1.667 5 35
6 59 50 10 2.041 5 35
6 59 50 10 5 5 35
6 59 50 10 1.667 10 35
6 59 50 10 2.041 10 35
6 59 50 10 5 10 35
6 59 150 30 1.667 0 45
6 59 150 30 2.041 0 45
6 59 150 30 5 0 45
6 59 150 30 1.667 5 45
6 59 150 30 2.041 5 45
6 59 150 30 5 5 45
6 59 150 30 1.667 10 45
6 59 150 30 2.041 10 45
6 59 150 30 5 10 45
7 980 50 10 1.667 0 35
7 980 50 10 2.041 0 35
7 980 50 10 5 0 35
7 980 50 10 1.667 5 35
7 980 50 10 2.041 5 35
7 980 50 10 5 5 35
7 980 50 10 1.667 10 35
7 980 50 10 2.041 10 35
7 980 50 10 5 10 35
7 980 150 30 1.667 0 45
7 980 150 30 2.041 0 45
7 980 150 30 5 0 45
7 980 150 30 1.667 5 45
7 980 150 30 2.041 5 45
7 980 150 30 5 5 45
7 980 150 30 1.667 10 45
7 980 150 30 2.041 10 45
7 980 150 30 5 10 45
8 240 50 10 1.667 0 35
8 240 50 10 2.041 0 35
8 240 50 10 5 0 35
8 240 50 10 1.667 5 35
8 240 50 10 2.041 5 35
8 240 50 10 5 5 35
8 240 50 10 1.667 10 35
8 240 50 10 2.041 10 35
8 240 50 10 5 10 35
8 240 150 30 1.667 0 45
8 240 150 30 2.041 0 45
8 240 150 30 5 0 45
8 240 150 30 1.667 5 45
8 240 150 30 2.041 5 45
8 240 150 30 5 5 45
8 240 150 30 1.667 10 45
8 240 150 30 2.041 10 45
8 240 150 30 5 10 45
9 159 50 10 1.667 0 35
9 159 50 10 2.041 0 35
9 159 50 10 5 0 35
9 159 50 10 1.667 5 35
9 159 50 10 2.041 5 35
9 159 50 10 5 5 35
9 159 50 10 1.667 10 35
9 159 50 10 2.041 10 35
9 159 50 10 5 10 35
9 159 150 30 1.667 0 45
9 159 150 30 2.041 0 45
9 159 150 30 5 0 45
9 159 150 30 1.667 5 45
9 159 150 30 2.041 5 45
9 159 150 30 5 5 45
9 159 150 30 1.667 10 45
9 159 150 30 2.041 10 45
9 159 150 30 5 10 45
10 567 50 10 1.667 0 35
10 567 50 10 2.041 0 35
10 567 50 10 5 0 35
10 567 50 10 1.667 5 35
10 567 50 10 2.041 5 35
10 567 50 10 5 5 35
10 567 50 10 1.667 10 35
10 567 50 10 2.041 10 35
10 567 50 10 5 10 35
10 567 150 30 1.667 0 45
10 567 150 30 2.041 0 45
10 567 150 30 5 0 45
10 567 150 30 1.667 5 45
10 567 150 30 2.041 5 45
10 567 150 30 5 5 45
10 567 150 30 1.667 10 45
10 567 150 30 2.041 10 45
10 567 150 30 5 10 45
11 638 50 10 1.667 0 35
11 638 50 10 2.041 0 35
11 638 50 10 5 0 35
11 638 50 10 1.667 5 35
11 638 50 10 2.041 5 35
11 638 50 10 5 5 35
11 638 50 10 1.667 10 35
11 638 50 10 2.041 10 35
11 638 50 10 5 10 35
11 638 150 30 1.667 0 45
11 638 150 30 2.041 0 45
11 638 150 30 5 0 45
11 638 150 30 1.667 5 45
11 638 150 30 2.041 5 45
11 638 150 30 5 5 45
11 638 150 30 1.667 10 45
11 638 150 30 2.041 10 45
11 638 150 30 5 10 45
12 220 50 10 1.667 0 35
12 220 50 10 2.041 0 35
12 220 50 10 5 0 35
12 220 50 10 1.667 5 35
12 220 50 10 2.041 5 35
12 220 50 10 5 5 35
12 220 50 10 1.667 10 35
12 220 50 10 2.041 10 35
12 220 50 10 5 10 35
12 220 150 30 1.667 0 45
12 220 150 30 2.041 0 45
12 220 150 30 5 0 45
12 220 150 30 1.667 5 45
12 220 150 30 2.041 5 45
12 220 150 30 5 5 45
12 220 150 30 1.667 10 45
12 220 150 30 2.041 10 45
12 220 150 30 5 10 45
13 452 50 10 1.667 0 35
13 452 50 10 2.041 0 35
13 452 50 10 5 0 35
13 452 50 10 1.667 5 35
13 452 50 10 2.041 5 35
13 452 50 10 5 5 35
13 452 50 10 1.667 10 35
13 452 50 10 2.041 10 35
13 452 50 10 5 10 35
13 452 150 30 1.667 0 45
13 452 150 30 2.041 0 45
13 452 150 30 5 0 45
13 452 150 30 1.667 5 45
13 452 150 30 2.041 5 45
13 452 150 30 5 5 45
13 452 150 30 1.667 10 45
13 452 150 30 2.041 10 45
13 452 150 30 5 10 45
14 513 50 10 1.667 0 35
14 513 50 10 2.041 0 35
14 513 50 10 5 0 35
14 513 50 10 1.667 5 35
14 513 50 10 2.041 5 35
14 513 50 10 5 5 35
14 513 50 10 1.667 10 35
14 513 50 10 2.041 10 35
14 513 50 10 5 10 35
14 513 150 30 1.667 0 45
14 513 150 30 2.041 0 45
14 513 150 30 5 0 45
14 513 150 30 1.667 5 45
14 513 150 30 2.041 5 45
14 513 150 30 5 5 45
14 513 150 30 1.667 10 45
14 513 150 30 2.041 10 45
14 513 150 30 5 10 45
15 480 50 10 1.667 0 35
15 480 50 10 2.041 0 35
15 480 50 10 5 0 35
15 480 50 10 1.667 5 35
15 480 50 10 2.041 5 35
15 480 50 10 5 5 35
15 480 50 10 1.667 10 35
15 480 50 10 2.041 10 35
15 480 50 10 5 10 35
15 480 150 30 1.667 0 45
15 480 150 30 2.041 0 45
15 480 150 30 5 0 45
15 480 150 30 1.667 5 45
15 480 150 30 2.041 5 45
15 480 150 30 5 5 45
15 480 150 30 1.667 10 45
15 480 150 30 2.041 10 45
15 480 150 30 5 10 45
16 889 50 10 1.667 0 35
16 889 50 10 2.041 0 35
16 889 50 10 5 0 35
16 889 50 10 1.667 5 35
16 889 50 10 2.041 5 35
16 889 50 10 5 5 35
16 889 50 10 1.667 10 35
16 889 50 10 2.041 10 35
16 889 50 10 5 10 35
16 889 150 30 1.667 0 45
16 889 150 30 2.041 0 45
16 889 150 30 5 0 45
16 889 150 30 1.667 5 45
16 889 150 30 2.041 5 45
16 889 150 30 5 5 45
16 889 150 30 1.667 10 45
16 889 150 30 2.041 10 45
16 889 150 30 5 10 45
17 169 50 10 1.667 0 35
17 169 50 10 2.041 0 35
17 169 50 10 5 0 35
17 169 50 10 1.667 5 35
17 169 50 10 2.041 5 35
17 169 50 10 5 5 35
17 169 50 10 1.667 10 35
17 169 50 10 2.041 10 35
17 169 50 10 5 10 35
17 169 150 30 1.667 0 45
17 169 150 30 2.041 0 45
17 169 150 30 5 0 45
17 169 150 30 1.667 5 45
17 169 150 30 2.041 5 45
17 169 150 30 5 5 45
17 169 150 30 1.667 10 45
17 169 150 30 2.041 10 45
17 169 150 30 5 10 45
18 508 50 10 1.667 0 35
18 508 50 10 2.041 0 35
18 508 50 10 5 0 35
18 508 50 10 1.667 5 35
18 508 50 10 2.041 5 35
18 508 50 10 5 5 35
18 508 50 10 1.667 10 35
18 508 50 10 2.041 10 35
18 508 50 10 5 10 35
18 508 150 30 1.667 0 45
18 508 150 30 2.041 0 45
18 508 150 30 5 0 45
18 508 150 30 1.667 5 45
18 508 150 30 2.041 5 45
18 508 150 30 5 5 45
18 508 150 30 1.667 10 45
18 508 150 30 2.041 10 45
18 508 150 30 5 10 45
19 227 50 10 1.667 0 35
19 227 50 10 2.041 0 35
19 227 50 10 5 0 35
19 227 50 10 1.667 5 35
19 227 50 10 2.041 5 35
19 227 50 10 5 5 35
19 227 50 10 1.667 10 35
19 227 50 10 2.041 10 35
19 227 50 10 5 10 35
19 227 150 30 1.667 0 45
19 227 150 30 2.041 0 45
19 227 150 30 5 0 45
19 227 150 30 1.667 5 45
19 227 150 30 2.041 5 45
19 227 150 30 5 5 45
19 227 150 30 1.667 10 45
19 227 150 30 2.041 10 45
19 227 150 30 5 10 45
20 253 50 10 1.667 0 35
20 253 50 10 2.041 0 35
20 253 50 10 5 0 35
20 253 50 10 1.667 5 35
20 253 50 10 2.041 5 35
20 253 50 10 5 5 35
20 253 50 10 1.667 10 35
20 253 50 10 2.041 10 35
20 253 50 10 5 10 35
20 253 150 30 1.667 0 45
20 253 150 30 2.041 0 45
20 253 150 30 5 0 45
20 253 150 30 1.667 5 45
20 253 150 30 2.041 5 45
20 253 150 30 5 5 45
20 253 150 30 1.667 10 45
20 253 150 30 2.041 10 45
20 253 150 30 5 10 45
21 910 50 10 1.667 0 35
21 910 50 10 2.041 0 35
21 910 50 10 5 0 35
21 910 50 10 1.667 5 35
21 910 50 10 2.041 5 35
21 910 50 10 5 5 35
21 910 50 10 1.667 10 35
21 910 50 10 2.041 10 35
21 910 50 10 5 10 35
21 910 150 30 1.667 0 45
21 910 150 30 2.041 0 45
21 910 150 30 5 0 45
21 910 150 30 1.667 5 45
21 910 150 30 2.041 5 45
21 910 150 30 5 5 45
21 910 150 30 1.667 10 45
21 910 150 30 2.041 10 45
21 910 150 30 5 10 45
22 387 50 10 1.667 0 35
22 387 50 10 2.041 0 35
22 387 50 10 5 0 35
22 387 50 10 1.667 5 35
22 387 50 10 2.041 5 35
22 387 50 10 5 5 35
22 387 50 10 1.667 10 35
22 387 50 10 2.041 10 35
22 387 50 10 5 10 35
22 387 150 30 1.667 0 45
22 387 150 30 2.041 0 45
22 387 150 30 5 0 45
22 387 150 30 1.667 5 45
22 387 150 30 2.041 5 45
22 387 150 30 5 5 45
22 387 150 30 1.667 10 45
22 387 150 30 2.041 10 45
22 387 150 30 5 10 45
23 712 50 10 1.667 0 35
23 712 50 10 2.041 0 35
23 712 50 10 5 0 35
23 712 50 10 1.667 5 35
23 712 50 10 2.041 5 35
23 712 50 10 5 5 35
23 712 50 10 1.667 10 35
23 712 50 10 2.041 10 35
23 712 50 10 5 10 35
23 712 150 30 1.667 0 45
23 712 150 30 2.041 0 45
23 712 150 30 5 0 45
23 712 150 30 1.667 5 45
23 712 150 30 2.041 5 45
23 712 150 30 5 5 45
23 712 150 30 1.667 10 45
23 712 150 30 2.041 10 45
23 712 150 30 5 10 45
24 592 50 10 1.667 0 35
24 592 50 10 2.041 0 35
24 592 50 10 5 0 35
24 592 50 10 1.667 5 35
24 592 50 10 2.041 5 35
24 592 50 10 5 5 35
24 592 50 10 1.667 10 35
24 592 50 10 2.041 10 35
24 592 50 10 5 10 35
24 592 150 30 1.667 0 45
24 592 150 30 2.041 0 45
24 592 150 30 5 0 45
24 592 150 30 1.667 5 45
24 592 150 30 2.041 5 45
24 592 150 30 5 5 45
24 592 150 30 1.667 10 45
24 592 150 30 2.041 10 45
24 592 150 30 5 10 45
25 784 50 10 1.667 0 35
25 784 50 10 2.041 0 35
25 784 50 10 5 0 35
25 784 50 10 1.667 5 35
25 784 50 10 2.041 5 35
25 784 50 10 5 5 35
25 784 50 10 1.667 10 35
25 784 50 10 2.041 10 35
25 784 50 10 5 10 35
25 784 150 30 1.667 0 45
25 784 150 30 2.041 0 45
25 784 150 30 5 0 45
25 784 150 30 1.667 5 45
25 784 150 30 2.041 5 45
25 784 150 30 5 5 45
25 784 150 30 1.667 10 45
25 784 150 30 2.041 10 45
25 784 150 30 5 10 45
26 459 50 10 1.667 0 35
26 459 50 10 2.041 0 35
26 459 50 10 5 0 35
26 459 50 10 1.667 5 35
26 459 50 10 2.041 5 35
26 459 50 10 5 5 35
26 459 50 10 1.667 10 35
26 459 50 10 2.041 10 35
26 459 50 10 5 10 35
26 459 150 30 1.667 0 45
26 459 150 30 2.041 0 45
26 459 150 30 5 0 45
26 459 150 30 1.667 5 45
26 459 150 30 2.041 5 45
26 459 150 30 5 5 45
26 459 150 30 1.667 10 45
26 459 150 30 2.041 10 45
26 459 150 30 5 10 45
27 778 50 10 1.667 0 35
27 778 50 10 2.041 0 35
27 778 50 10 5 0 35
27 778 50 10 1.667 5 35
27 778 50 10 2.041 5 35
27 778 50 10 5 5 35
27 778 50 10 1.667 10 35
27 778 50 10 2.041 10 35
27 778 50 10 5 10 35
27 778 150 30 1.667 0 45
27 778 150 30 2.041 0 45
27 778 150 30 5 0 45
27 778 150 30 1.667 5 45
27 778 150 30 2.041 5 45
27 778 150 30 5 5 45
27 778 150 30 1.667 10 45
27 778 150 30 2.041 10 45
27 778 150 30 5 10 45
28 348 50 10 1.667 0 35
28 348 50 10 2.041 0 35
28 348 50 10 5 0 35
28 348 50 10 1.667 5 35
28 348 50 10 2.041 5 35
28 348 50 10 5 5 35
28 348 50 10 1.667 10 35
28 348 50 10 2.041 10 35
28 348 50 10 5 10 35
28 348 150 30 1.667 0 45
28 348 150 30 2.041 0 45
28 348 150 30 5 0 45
28 348 150 30 1.667 5 45
28 348 150 30 2.041 5 45
28 348 150 30 5 5 45
28 348 150 30 1.667 10 45
28 348 150 30 2.041 10 45
28 348 150 30 5 10 45
29 799 50 10 1.667 0 35
29 799 50 10 2.041 0 35
29 799 50 10 5 0 35
29 799 50 10 1.667 5 35
29 799 50 10 2.041 5 35
29 799 50 10 5 5 35
29 799 50 10 1.667 10 35
29 799 50 10 2.041 10 35
29 799 50 10 5 10 35
29 799 150 30 1.667 0 45
29 799 150 30 2.041 0 45
29 799 150 30 5 0 45
29 799 150 30 1.667 5 45
29 799 150 30 2.041 5 45
29 799 150 30 5 5 45
29 799 150 30 1.667 10 45
29 799 150 30 2.041 10 45
29 799 150 30 5 10 45
30 698 50 10 1.667 0 35
30 698 50 10 2.041 0 35
30 698 50 10 5 0 35
30 698 50 10 1.667 5 35
30 698 50 10 2.041 5 35
30 698 50 10 5 5 35
30 698 50 10 1.667 10 35
30 698 50 10 2.041 10 35
30 698 50 10 5 10 35
30 698 150 30 1.667 0 45
30 698 150 30 2.041 0 45
30 698 150 30 5 0 45
30 698 150 30 1.667 5 45
30 698 150 30 2.041 5 45
30 698 150 30 5 5 45
30 698 150 30 1.667 10 45
30 698 150 30 2.041 10 45
30 698 150 30 5 10 45
31 115 50 10 1.667 0 35
31 115 50 10 2.041 0 35
31 115 50 10 5 0 35
31 115 50 10 1.667 5 35
31 115 50 10 2.041 5 35
31 115 50 10 5 5 35
31 115 50 10 1.667 10 35
31 115 50 10 2.041 10 35
31 115 50 10 5 10 35
31 115 150 30 1.667 0 45
31 115 150 30 2.041 0 45
31 115 150 30 5 0 45
31 115 150 30 1.667 5 45
31 115 150 30 2.041 5 45
31 115 150 30 5 5 45
31 115 150 30 1.667 10 45
31 115 150 30 2.041 10 45
31 115 150 30 5 10 45
32 129 50 10 1.667 0 35
32 129 50 10 2.041 0 35
32 129 50 10 5 0 35
32 129 50 10 1.667 5 35
32 129 50 10 2.041 5 35
32 129 50 10 5 5 35
32 129 50 10 1.667 10 35
32 129 50 10 2.041 10 35
32 129 50 10 5 10 35
32 129 150 30 1.667 0 45
32 129 150 30 2.041 0 45
32 129 150 30 5 0 45
32 129 150 30 1.667 5 45
32 129 150 30 2.041 5 45
32 129 150 30 5 5 45
32 129 150 30 1.667 10 45
32 129 150 30 2.041 10 45
32 129 150 30 5 10 45
33 583 50 10 1.667 0 35
33 583 50 10 2.041 0 35
33 583 50 10 5 0 35
33 583 50 10 1.667 5 35
33 583 50 10 2.041 5 35
33 583 50 10 5 5 35
33 583 50 10 1.667 10 35
33 583 50 10 2.041 10 35
33 583 50 10 5 10 35
33 583 150 30 1.667 0 45
33 583 150 30 2.041 0 45
33 583 150 30 5 0 45
33 583 150 30 1.667 5 45
33 583 150 30 2.041 5 45
33 583 150 30 5 5 45
33 583 150 30 1.667 10 45
33 583 150 30 2.041 10 45
33 583 150 30 5 10 45
34 649 50 10 1.667 0 35
34 649 50 10 2.041 0 35
34 649 50 10 5 0 35
34 649 50 10 1.667 5 35
34 649 50 10 2.041 5 35
34 649 50 10 5 5 35
34 649 50 10 1.667 10 35
34 649 50 10 2.041 10 35
34 649 50 10 5 10 35
34 649 150 30 1.667 0 45
34 649 150 30 2.041 0 45
34 649 150 30 5 0 45
34 649 150 30 1.667 5 45
34 649 150 30 2.041 5 45
34 649 150 30 5 5 45
34 649 150 30 1.667 10 45
34 649 150 30 2.041 10 45
34 649 150 30 5 10 45
35 337 50 10 1.667 0 35
35 337 50 10 2.041 0 35
35 337 50 10 5 0 35
35 337 50 10 1.667 5 35
35 337 50 10 2.041 5 35
35 337 50 10 5 5 35
35 337 50 10 1.667 10 35
35 337 50 10 2.041 10 35
35 337 50 10 5 10 35
35 337 150 30 1.667 0 45
35 337 150 30 2.041 0 45
35 337 150 30 5 0 45
35 337 150 30 1.667 5 45
35 337 150 30 2.041 5 45
35 337 150 30 5 5 45
35 337 150 30 1.667 10 45
35 337 150 30 2.041 10 45
35 337 150 30 5 10 45
36 678 50 10 1.667 0 35
36 678 50 10 2.041 0 35
36 678 50 10 5 0 35
36 678 50 10 1.667 5 35
36 678 50 10 2.041 5 35
36 678 50 10 5 5 35
36 678 50 10 1.667 10 35
36 678 50 10 2.041 10 35
36 678 50 10 5 10 35
36 678 150 30 1.667 0 45
36 678 150 30 2.041 0 45
36 678 150 30 5 0 45
36 678 150 30 1.667 5 45
36 678 150 30 2.041 5 45
36 678 150 30 5 5 45
36 678 150 30 1.667 10 45
36 678 150 30 2.041 10 45
36 678 150 30 5 10 45
37 530 50 10 1.667 0 35
37 530 50 10 2.041 0 35
37 530 50 10 5 0 35
37 530 50 10 1.667 5 35
37 530 50 10 2.041 5 35
37 530 50 10 5 5 35
37 530 50 10 1.667 10 35
37 530 50 10 2.041 10 35
37 530 50 10 5 10 35
37 530 150 30 1.667 0 45
37 530 150 30 2.041 0 45
37 530 150 30 5 0 45
37 530 150 30 1.667 5 45
37 530 150 30 2.041 5 45
37 530 150 30 5 5 45
37 530 150 30 1.667 10 45
37 530 150 30 2.041 10 45
37 530 150 30 5 10 45
38 720 50 10 1.667 0 35
38 720 50 10 2.041 0 35
38 720 50 10 5 0 35
38 720 50 10 1.667 5 35
38 720 50 10 2.041 5 35
38 720 50 10 5 5 35
38 720 50 10 1.667 10 35
38 720 50 10 2.041 10 35
38 720 50 10 5 10 35
38 720 150 30 1.667 0 45
38 720 150 30 2.041 0 45
38 720 150 30 5 0 45
38 720 150 30 1.667 5 45
38 720 150 30 2.041 5 45
38 720 150 30 5 5 45
38 720 150 30 1.667 10 45
38 720 150 30 2.041 10 45
38 720 150 30 5 10 45
39 628 50 10 1.667 0 35
39 628 50 10 2.041 0 35
39 628 50 10 5 0 35
39 628 50 10 1.667 5 35
39 628 50 10 2.041 5 35
39 628 50 10 5 5 35
39 628 50 10 1.667 10 35
39 628 50 10 2.041 10 35
39 628 50 10 5 10 35
39 628 150 30 1.667 0 45
39 628 150 30 2.041 0 45
39 628 150 30 5 0 45
39 628 150 30 1.667 5 45
39 628 150 30 2.041 5 45
39 628 150 30 5 5 45
39 628 150 30 1.667 10 45
39 628 150 30 2.041 10 45
39 628 150 30 5 10 45
40 728 50 10 1.667 0 35
40 728 50 10 2.041 0 35
40 728 50 10 5 0 35
40 728 50 10 1.667 5 35
40 728 50 10 2.041 5 35
40 728 50 10 5 5 35
40 728 50 10 1.667 10 35
40 728 50 10 2.041 10 35
40 728 50 10 5 10 35
40 728 150 30 1.667 0 45
40 728 150 30 2.041 0 45
40 728 150 30 5 0 45
40 728 150 30 1.667 5 45
40 728 150 30 2.041 5 45
40 728 150 30 5 5 45
40 728 150 30 1.667 10 45
40 728 150 30 2.041 10 45
40 728 150 30 5 10 45
41 640 50 10 1.667 0 35
41 640 50 10 2.041 0 35
41 640 50 10 5 0 35
41 640 50 10 1.667 5 35
41 640 50 10 2.041 5 35
41 640 50 10 5 5 35
41 640 50 10 1.667 10 35
41 640 50 10 2.041 10 35
41 640 50 10 5 10 35
41 640 150 30 1.667 0 45
41 640 150 30 2.041 0 45
41 640 150 30 5 0 45
41 640 150 30 1.667 5 45
41 640 150 30 2.041 5 45
41 640 150 30 5 5 45
41 640 150 30 1.667 10 45
41 640 150 30 2.041 10 45
41 640 150 30 5 10 45
42 14 50 10 1.667 0 35
42 14 50 10 2.041 0 35
42 14 50 10 5 0 35
42 14 50 10 1.667 5 35
42 14 50 10 2.041 5 35
42 14 50 10 5 5 35
42 14 50 10 1.667 10 35
42 14 50 10 2.041 10 35
42 14 50 10 5 10 35
42 14 150 30 1.667 0 45
42 14 150 30 2.041 0 45
42 14 150 30 5 0 45
42 14 150 30 1.667 5 45
42 14 150 30 2.041 5 45
42 14 150 30 5 5 45
42 14 150 30 1.667 10 45
42 14 150 30 2.041 10 45
42 14 150 30 5 10 45
43 270 50 10 1.667 0 35
43 270 50 10 2.041 0 35
43 270 50 10 5 0 35
43 270 50 10 1.667 5 35
43 270 50 10 2.041 5 35
43 270 50 10 5 5 35
43 270 50 10 1.667 10 35
43 270 50 10 2.041 10 35
43 270 50 10 5 10 35
43 270 150 30 1.667 0 45
43 270 150 30 2.041 0 45
43 270 150 30 5 0 45
43 270 150 30 1.667 5 45
43 270 150 30 2.041 5 45
43 270 150 30 5 5 45
43 270 150 30 1.667 10 45
43 270 150 30 2.041 10 45
43 270 150 30 5 10 45
44 627 50 10 1.667 0 35
44 627 50 10 2.041 0 35
44 627 50 10 5 0 35
44 627 50 10 1.667 5 35
44 627 50 10 2.041 5 35
44 627 50 10 5 5 35
44 627 50 10 1.667 10 35
44 627 50 10 2.041 10 35
44 627 50 10 5 10 35
44 627 150 30 1.667 0 45
44 627 150 30 2.041 0 45
44 627 150 30 5 0 45
44 627 150 30 1.667 5 45
44 627 150 30 2.041 5 45
44 627 150 30 5 5 45
44 627 150 30 1.667 10 45
44 627 150 30 2.041 10 45
44 627 150 30 5 10 45
45 845 50 10 1.667 0 35
45 845 50 10 2.041 0 35
45 845 50 10 5 0 35
45 845 50 10 1.667 5 35
45 845 50 10 2.041 5 35
45 845 50 10 5 5 35
45 845 50 10 1.667 10 35
45 845 50 10 2.041 10 35
45 845 50 10 5 10 35
45 845 150 30 1.667 0 45
45 845 150 30 2.041 0 45
45 845 150 30 5 0 45
45 845 150 30 1.667 5 45
45 845 150 30 2.041 5 45
45 845 150 30 5 5 45
45 845 150 30 1.667 10 45
45 845 150 30 2.041 10 45
45 845 150 30 5 10 45
46 909 50 10 1.667 0 35
46 909 50 10 2.041 0 35
46 909 50 10 5 0 35
46 909 50 10 1.667 5 35
46 909 50 10 2.041 5 35
46 909 50 10 5 5 35
46 909 50 10 1.667 10 35
46 909 50 10 2.041 10 35
46 909 50 10 5 10 35
46 909 150 30 1.667 0 45
46 909 150 30 2.041 0 45
46 909 150 30 5 0 45
46 909 150 30 1.667 5 45
46 909 150 30 2.041 5 45
46 909 150 30 5 5 45
46 909 150 30 1.667 10 45
46 909 150 30 2.041 10 45
46 909 150 30 5 10 45
47 58 50 10 1.667 0 35
47 58 50 10 2.041 0 35
47 58 50 10 5 0 35
47 58 50 10 1.667 5 35
47 58 50 10 2.041 5 35
47 58 50 10 5 5 35
47 58 50 10 1.667 10 35
47 58 50 10 2.041 10 35
47 58 50 10 5 10 35
47 58 150 30 1.667 0 45
47 58 150 30 2.041 0 45
47 58 150 30 5 0 45
47 58 150 30 1.667 5 45
47 58 150 30 2.041 5 45
47 58 150 30 5 5 45
47 58 150 30 1.667 10 45
47 58 150 30 2.041 10 45
47 58 150 30 5 10 45
48 124 50 10 1.667 0 35
48 124 50 10 2.041 0 35
48 124 50 10 5 0 35
48 124 50 10 1.667 5 35
48 124 50 10 2.041 5 35
48 124 50 10 5 5 35
48 124 50 10 1.667 10 35
48 124 50 10 2.041 10 35
48 124 50 10 5 10 35
48 124 150 30 1.667 0 45
48 124 150 30 2.041 0 45
48 124 150 30 5 0 45
48 124 150 30 1.667 5 45
48 124 150 30 2.041 5 45
48 124 150 30 5 5 45
48 124 150 30 1.667 10 45
48 124 150 30 2.041 10 45
48 124 150 30 5 10 45
49 441 50 10 1.667 0 35
49 441 50 10 2.041 0 35
49 441 50 10 5 0 35
49 441 50 10 1.667 5 35
49 441 50 10 2.041 5 35
49 441 50 10 5 5 35
49 441 50 10 1.667 10 35
49 441 50 10 2.041 10 35
49 441 50 10 5 10 35
49 441 150 30 1.667 0 45
49 441 150 30 2.041 0 45
49 441 150 30 5 0 45
49 441 150 30 1.667 5 45
49 441 150 30 2.041 5 45
49 441 150 30 5 5 45
49 441 150 30 1.667 10 45
49 441 150 30 2.041 10 45
49 441 150 30 5 10 45
50 830 50 10 1.667 0 35
50 830 50 10 2.041 0 35
50 830 50 10 5 0 35
50 830 50 10 1.667 5 35
50 830 50 10 2.041 5 35
50 830 50 10 5 5 35
50 830 50 10 1.667 10 35
50 830 50 10 2.041 10 35
50 830 50 10 5 10 35
50 830 150 30 1.667 0 45
50 830 150 30 2.041 0 45
50 830 150 30 5 0 45
50 830 150 30 1.667 5 45
50 830 150 30 2.041 5 45
50 830 150 30 5 5 45
50 830 150 30 1.667 10 45
50 830 150 30 2.041 10 45
50 830 150 30 5 10 45
51 213 50 10 1.667 0 35
51 213 50 10 2.041 0 35
51 213 50 10 5 0 35
51 213 50 10 1.667 5 35
51 213 50 10 2.041 5 35
51 213 50 10 5 5 35
51 213 50 10 1.667 10 35
51 213 50 10 2.041 10 35
51 213 50 10 5 10 35
51 213 150 30 1.667 0 45
51 213 150 30 2.041 0 45
51 213 150 30 5 0 45
51 213 150 30 1.667 5 45
51 213 150 30 2.041 5 45
51 213 150 30 5 5 45
51 213 150 30 1.667 10 45
51 213 150 30 2.041 10 45
51 213 150 30 5 10 45
52 964 50 10 1.667 0 35
52 964 50 10 2.041 0 35
52 964 50 10 5 0 35
52 964 50 10 1.667 5 35
52 964 50 10 2.041 5 35
52 964 50 10 5 5 35
52 964 50 10 1.667 10 35
52 964 50 10 2.041 10 35
52 964 50 10 5 10 35
52 964 150 30 1.667 0 45
52 964 150 30 2.041 0 45
52 964 150 30 5 0 45
52 964 150 30 1.667 5 45
52 964 150 30 2.041 5 45
52 964 150 30 5 5 45
52 964 150 30 1.667 10 45
52 964 150 30 2.041 10 45
52 964 150 30 5 10 45
53 290 50 10 1.667 0 35
53 290 50 10 2.041 0 35
53 290 50 10 5 0 35
53 290 50 10 1.667 5 35
53 290 50 10 2.041 5 35
53 290 50 10 5 5 35
53 290 50 10 1.667 10 35
53 290 50 10 2.041 10 35
53 290 50 10 5 10 35
53 290 150 30 1.667 0 45
53 290 150 30 2.041 0 45
53 290 150 30 5 0 45
53 290 150 30 1.667 5 45
53 290 150 30 2.041 5 45
53 290 150 30 5 5 45
53 290 150 30 1.667 10 45
53 290 150 30 2.041 10 45
53 290 150 30 5 10 45
54 761 50 10 1.667 0 35
54 761 50 10 2.041 0 35
54 761 50 10 5 0 35
54 761 50 10 1.667 5 35
54 761 50 10 2.041 5 35
54 761 50 10 5 5 35
54 761 50 10 1.667 10 35
54 761 50 10 2.041 10 35
54 761 50 10 5 10 35
54 761 150 30 1.667 0 45
54 761 150 30 2.041 0 45
54 761 150 30 5 0 45
54 761 150 30 1.667 5 45
54 761 150 30 2.041 5 45
54 761 150 30 5 5 45
54 761 150 30 1.667 10 45
54 761 150 30 2.041 10 45
54 761 150 30 5 10 45
55 669 50 10 1.667 0 35
55 669 50 10 2.041 0 35
55 669 50 10 5 0 35
55 669 50 10 1.667 5 35
55 669 50 10 2.041 5 35
55 669 50 10 5 5 35
55 669 50 10 1.667 10 35
55 669 50 10 2.041 10 35
55 669 50 10 5 10 35
55 669 150 30 1.667 0 45
55 669 150 30 2.041 0 45
55 669 150 30 5 0 45
55 669 150 30 1.667 5 45
55 669 150 30 2.041 5 45
55 669 150 30 5 5 45
55 669 150 30 1.667 10 45
55 669 150 30 2.041 10 45
55 669 150 30 5 10 45
56 915 50 10 1.667 0 35
56 915 50 10 2.041 0 35
56 915 50 10 5 0 35
56 915 50 10 1.667 5 35
56 915 50 10 2.041 5 35
56 915 50 10 5 5 35
56 915 50 10 1.667 10 35
56 915 50 10 2.041 10 35
56 915 50 10 5 10 35
56 915 150 30 1.667 0 45
56 915 150 30 2.041 0 45
56 915 150 30 5 0 45
56 915 150 30 1.667 5 45
56 915 150 30 2.041 5 45
56 915 150 30 5 5 45
56 915 150 30 1.667 10 45
56 915 150 30 2.041 10 45
56 915 150 30 5 10 45
57 482 50 10 1.667 0 35
57 482 50 10 2.041 0 35
57 482 50 10 5 0 35
57 482 50 10 1.667 5 35
57 482 50 10 2.041 5 35
57 482 50 10 5 5 35
57 482 50 10 1.667 10 35
57 482 50 10 2.041 10 35
57 482 50 10 5 10 35
57 482 150 30 1.667 0 45
57 482 150 30 2.041 0 45
57 482 150 30 5 0 45
57 482 150 30 1.667 5 45
57 482 150 30 2.041 5 45
57 482 150 30 5 5 45
57 482 150 30 1.667 10 45
57 482 150 30 2.041 10 45
57 482 150 30 5 10 45
58 54 50 10 1.667 0 35
58 54 50 10 2.041 0 35
58 54 50 10 5 0 35
58 54 50 10 1.667 5 35
58 54 50 10 2.041 5 35
58 54 50 10 5 5 35
58 54 50 10 1.667 10 35
58 54 50 10 2.041 10 35
58 54 50 10 5 10 35
58 54 150 30 1.667 0 45
58 54 150 30 2.041 0 45
58 54 150 30 5 0 45
58 54 150 30 1.667 5 45
58 54 150 30 2.041 5 45
58 54 150 30 5 5 45
58 54 150 30 1.667 10 45
58 54 150 30 2.041 10 45
58 54 150 30 5 10 45
59 517 50 10 1.667 0 35
59 517 50 10 2.041 0 35
59 517 50 10 5 0 35
59 517 50 10 1.667 5 35
59 517 50 10 2.041 5 35
59 517 50 10 5 5 35
59 517 50 10 1.667 10 35
59 517 50 10 2.041 10 35
59 517 50 10 5 10 35
59 517 150 30 1.667 0 45
59 517 150 30 2.041 0 45
59 517 150 30 5 0 45
59 517 150 30 1.667 5 45
59 517 150 30 2.041 5 45
59 517 150 30 5 5 45
59 517 150 30 1.667 10 45
59 517 150 30 2.041 10 45
59 517 150 30 5 10 45
60 454 50 10 1.667 0 35
60 454 50 10 2.041 0 35
60 454 50 10 5 0 35
60 454 50 10 1.667 5 35
60 454 50 10 2.041 5 35
60 454 50 10 5 5 35
60 454 50 10 1.667 10 35
60 454 50 10 2.041 10 35
60 454 50 10 5 10 35
60 454 150 30 1.667 0 45
60 454 150 30 2.041 0 45
60 454 150 30 5 0 45
60 454 150 30 1.667 5 45
60 454 150 30 2.041 5 45
60 454 150 30 5 5 45
60 454 150 30 1.667 10 45
60 454 150 30 2.041 10 45
60 454 150 30 5 10 45
61 342 50 10 1.667 0 35
61 342 50 10 2.041 0 35
61 342 50 10 5 0 35
61 342 50 10 1.667 5 35
61 342 50 10 2.041 5 35
61 342 50 10 5 5 35
61 342 50 10 1.667 10 35
61 342 50 10 2.041 10 35
61 342 50 10 5 10 35
61 342 150 30 1.667 0 45
61 342 150 30 2.041 0 45
61 342 150 30 5 0 45
61 342 150 30 1.667 5 45
61 342 150 30 2.041 5 45
61 342 150 30 5 5 45
61 342 150 30 1.667 10 45
61 342 150 30 2.041 10 45
61 342 150 30 5 10 45
62 81 50 10 1.667 0 35
62 81 50 10 2.041 0 35
62 81 50 10 5 0 35
62 81 50 10 1.667 5 35
62 81 50 10 2.041 5 35
62 81 50 10 5 5 35
62 81 50 10 1.667 10 35
62 81 50 10 2.041 10 35
62 81 50 10 5 10 35
62 81 150 30 1.667 0 45
62 81 150 30 2.041 0 45
62 81 150 30 5 0 45
62 81 150 30 1.667 5 45
62 81 150 30 2.041 5 45
62 81 150 30 5 5 45
62 81 150 30 1.667 10 45
62 81 150 30 2.041 10 45
62 81 150 30 5 10 45
63 318 50 10 1.667 0 35
63 318 50 10 2.041 0 35
63 318 50 10 5 0 35
63 318 50 10 1.667 5 35
63 318 50 10 2.041 5 35
63 318 50 10 5 5 35
63 318 50 10 1.667 10 35
63 318 50 10 2.041 10 35
63 318 50 10 5 10 35
63 318 150 30 1.667 0 45
63 318 150 30 2.041 0 45
63 318 150 30 5 0 45
63 318 150 30 1.667 5 45
63 318 150 30 2.041 5 45
63 318 150 30 5 5 45
63 318 150 30 1.667 10 45
63 318 150 30 2.041 10 45
63 318 150 30 5 10 45
64 598 50 10 1.667 0 35
64 598 50 10 2.041 0 35
64 598 50 10 5 0 35
64 598 50 10 1.667 5 35
64 598 50 10 2.041 5 35
64 598 50 10 5 5 35
64 598 50 10 1.667 10 35
64 598 50 10 2.041 10 35
64 598 50 10 5 10 35
64 598 150 30 1.667 0 45
64 598 150 30 2.041 0 45
64 598 150 30 5 0 45
64 598 150 30 1.667 5 45
64 598 150 30 2.041 5 45
64 598 150 30 5 5 45
64 598 150 30 1.667 10 45
64 598 150 30 2.041 10 45
64 598 150 30 5 10 45
65 486 50 10 1.667 0 35
65 486 50 10 2.041 0 35
65 486 50 10 5 0 35
65 486 50 10 1.667 5 35
65 486 50 10 2.041 5 35
65 486 50 10 5 5 35
65 486 50 10 1.667 10 35
65 486 50 10 2.041 10 35
65 486 50 10 5 10 35
65 486 150 30 1.667 0 45
65 486 150 30 2.041 0 45
65 486 150 30 5 0 45
65 486 150 30 1.667 5 45
65 486 150 30 2.041 5 45
65 486 150 30 5 5 45
65 486 150 30 1.667 10 45
65 486 150 30 2.041 10 45
65 486 150 30 5 10 45
66 414 50 10 1.667 0 35
66 414 50 10 2.041 0 35
66 414 50 10 5 0 35
66 414 50 10 1.667 5 35
66 414 50 10 2.041 5 35
66 414 50 10 5 5 35
66 414 50 10 1.667 10 35
66 414 50 10 2.041 10 35
66 414 50 10 5 10 35
66 414 150 30 1.667 0 45
66 414 150 30 2.041 0 45
66 414 150 30 5 0 45
66 414 150 30 1.667 5 45
66 414 150 30 2.041 5 45
66 414 150 30 5 5 45
66 414 150 30 1.667 10 45
66 414 150 30 2.041 10 45
66 414 150 30 5 10 45
67 975 50 10 1.667 0 35
67 975 50 10 2.041 0 35
67 975 50 10 5 0 35
67 975 50 10 1.667 5 35
67 975 50 10 2.041 5 35
67 975 50 10 5 5 35
67 975 50 10 1.667 10 35
67 975 50 10 2.041 10 35
67 975 50 10 5 10 35
67 975 150 30 1.667 0 45
67 975 150 30 2.041 0 45
67 975 150 30 5 0 45
67 975 150 30 1.667 5 45
67 975 150 30 2.041 5 45
67 975 150 30 5 5 45
67 975 150 30 1.667 10 45
67 975 150 30 2.041 10 45
67 975 150 30 5 10 45
68 45 50 10 1.667 0 35
68 45 50 10 2.041 0 35
68 45 50 10 5 0 35
68 45 50 10 1.667 5 35
68 45 50 10 2.041 5 35
68 45 50 10 5 5 35
68 45 50 10 1.667 10 35
68 45 50 10 2.041 10 35
68 45 50 10 5 10 35
68 45 150 30 1.667 0 45
68 45 150 30 2.041 0 45
68 45 150 30 5 0 45
68 45 150 30 1.667 5 45
68 45 150 30 2.041 5 45
68 45 150 30 5 5 45
68 45 150 30 1.667 10 45
68 45 150 30 2.041 10 45
68 45 150 30 5 10 45
69 879 50 10 1.667 0 35
69 879 50 10 2.041 0 35
69 879 50 10 5 0 35
69 879 50 10 1.667 5 35
69 879 50 10 2.041 5 35
69 879 50 10 5 5 35
69 879 50 10 1.667 10 35
69 879 50 10 2.041 10 35
69 879 50 10 5 10 35
69 879 150 30 1.667 0 45
69 879 150 30 2.041 0 45
69 879 150 30 5 0 45
69 879 150 30 1.667 5 45
69 879 150 30 2.041 5 45
69 879 150 30 5 5 45
69 879 150 30 1.667 10 45
69 879 150 30 2.041 10 45
69 879 150 30 5 10 45
70 413 50 10 1.667 0 35
70 413 50 10 2.041 0 35
70 413 50 10 5 0 35
70 413 50 10 1.667 5 35
70 413 50 10 2.041 5 35
70 413 50 10 5 5 35
70 413 50 10 1.667 10 35
70 413 50 10 2.041 10 35
70 413 50 10 5 10 35
70 413 150 30 1.667 0 45
70 413 150 30 2.041 0 45
70 413 150 30 5 0 45
70 413 150 30 1.667 5 45
70 413 150 30 2.041 5 45
70 413 150 30 5 5 45
70 413 150 30 1.667 10 45
70 413 150 30 2.041 10 45
70 413 150 30 5 10 45
71 461 50 10 1.667 0 35
71 461 50 10 2.041 0 35
71 461 50 10 5 0 35
71 461 50 10 1.667 5 35
71 461 50 10 2.041 5 35
71 461 50 10 5 5 35
71 461 50 10 1.667 10 35
71 461 50 10 2.041 10 35
71 461 50 10 5 10 35
71 461 150 30 1.667 0 45
71 461 150 30 2.041 0 45
71 461 150 30 5 0 45
71 461 150 30 1.667 5 45
71 461 150 30 2.041 5 45
71 461 150 30 5 5 45
71 461 150 30 1.667 10 45
71 461 150 30 2.041 10 45
71 461 150 30 5 10 45
72 716 50 10 1.667 0 35
72 716 50 10 2.041 0 35
72 716 50 10 5 0 35
72 716 50 10 1.667 5 35
72 716 50 10 2.041 5 35
72 716 50 10 5 5 35
72 716 50 10 1.667 10 35
72 716 50 10 2.041 10 35
72 716 50 10 5 10 35
72 716 150 30 1.667 0 45
72 716 150 30 2.041 0 45
72 716 150 30 5 0 45
72 716 150 30 1.667 5 45
72 716 150 30 2.041 5 45
72 716 150 30 5 5 45
72 716 150 30 1.667 10 45
72 716 150 30 2.041 10 45
72 716 150 30 5 10 45
73 389 50 10 1.667 0 35
73 389 50 10 2.041 0 35
73 389 50 10 5 0 35
73 389 50 10 1.667 5 35
73 389 50 10 2.041 5 35
73 389 50 10 5 5 35
73 389 50 10 1.667 10 35
73 389 50 10 2.041 10 35
73 389 50 10 5 10 35
73 389 150 30 1.667 0 45
73 389 150 30 2.041 0 45
73 389 150 30 5 0 45
73 389 150 30 1.667 5 45
73 389 150 30 2.041 5 45
73 389 150 30 5 5 45
73 389 150 30 1.667 10 45
73 389 150 30 2.041 10 45
73 389 150 30 5 10 45
74 352 50 10 1.667 0 35
74 352 50 10 2.041 0 35
74 352 50 10 5 0 35
74 352 50 10 1.667 5 35
74 352 50 10 2.041 5 35
74 352 50 10 5 5 35
74 352 50 10 1.667 10 35
74 352 50 10 2.041 10 35
74 352 50 10 5 10 35
74 352 150 30 1.667 0 45
74 352 150 30 2.041 0 45
74 352 150 30 5 0 45
74 352 150 30 1.667 5 45
74 352 150 30 2.041 5 45
74 352 150 30 5 5 45
74 352 150 30 1.667 10 45
74 352 150 30 2.041 10 45
74 352 150 30 5 10 45
75 100 50 10 1.667 0 35
75 100 50 10 2.041 0 35
75 100 50 10 5 0 35
75 100 50 10 1.667 5 35
75 100 50 10 2.041 5 35
75 100 50 10 5 5 35
75 100 50 10 1.667 10 35
75 100 50 10 2.041 10 35
75 100 50 10 5 10 35
75 100 150 30 1.667 0 45
75 100 150 30 2.041 0 45
75 100 150 30 5 0 45
75 100 150 30 1.667 5 45
75 100 150 30 2.041 5 45
75 100 150 30 5 5 45
75 100 150 30 1.667 10 45
75 100 150 30 2.041 10 45
75 100 150 30 5 10 45
76 386 50 10 1.667 0 35
76 386 50 10 2.041 0 35
76 386 50 10 5 0 35
76 386 50 10 1.667 5 35
76 386 50 10 2.041 5 35
76 386 50 10 5 5 35
76 386 50 10 1.667 10 35
76 386 50 10 2.041 10 35
76 386 50 10 5 10 35
76 386 150 30 1.667 0 45
76 386 150 30 2.041 0 45
76 386 150 30 5 0 45
76 386 150 30 1.667 5 45
76 386 150 30 2.041 5 45
76 386 150 30 5 5 45
76 386 150 30 1.667 10 45
76 386 150 30 2.041 10 45
76 386 150 30 5 10 45
77 772 50 10 1.667 0 35
77 772 50 10 2.041 0 35
77 772 50 10 5 0 35
77 772 50 10 1.667 5 35
77 772 50 10 2.041 5 35
77 772 50 10 5 5 35
77 772 50 10 1.667 10 35
77 772 50 10 2.041 10 35
77 772 50 10 5 10 35
77 772 150 30 1.667 0 45
77 772 150 30 2.041 0 45
77 772 150 30 5 0 45
77 772 150 30 1.667 5 45
77 772 150 30 2.041 5 45
77 772 150 30 5 5 45
77 772 150 30 1.667 10 45
77 772 150 30 2.041 10 45
77 772 150 30 5 10 45
78 693 50 10 1.667 0 35
78 693 50 10 2.041 0 35
78 693 50 10 5 0 35
78 693 50 10 1.667 5 35
78 693 50 10 2.041 5 35
78 693 50 10 5 5 35
78 693 50 10 1.667 10 35
78 693 50 10 2.041 10 35
78 693 50 10 5 10 35
78 693 150 30 1.667 0 45
78 693 150 30 2.041 0 45
78 693 150 30 5 0 45
78 693 150 30 1.667 5 45
78 693 150 30 2.041 5 45
78 693 150 30 5 5 45
78 693 150 30 1.667 10 45
78 693 150 30 2.041 10 45
78 693 150 30 5 10 45
79 357 50 10 1.667 0 35
79 357 50 10 2.041 0 35
79 357 50 10 5 0 35
79 357 50 10 1.667 5 35
79 357 50 10 2.041 5 35
79 357 50 10 5 5 35
79 357 50 10 1.667 10 35
79 357 50 10 2.041 10 35
79 357 50 10 5 10 35
79 357 150 30 1.667 0 45
79 357 150 30 2.041 0 45
79 357 150 30 5 0 45
79 357 150 30 1.667 5 45
79 357 150 30 2.041 5 45
79 357 150 30 5 5 45
79 357 150 30 1.667 10 45
79 357 150 30 2.041 10 45
79 357 150 30 5 10 45
80 333 50 10 1.667 0 35
80 333 50 10 2.041 0 35
80 333 50 10 5 0 35
80 333 50 10 1.667 5 35
80 333 50 10 2.041 5 35
80 333 50 10 5 5 35
80 333 50 10 1.667 10 35
80 333 50 10 2.041 10 35
80 333 50 10 5 10 35
80 333 150 30 1.667 0 45
80 333 150 30 2.041 0 45
80 333 150 30 5 0 45
80 333 150 30 1.667 5 45
80 333 150 30 2.041 5 45
80 333 150 30 5 5 45
80 333 150 30 1.667 10 45
80 333 150 30 2.041 10 45
80 333 150 30 5 10 45
81 884 50 10 1.667 0 35
81 884 50 10 2.041 0 35
81 884 50 10 5 0 35
81 884 50 10 1.667 5 35
81 884 50 10 2.041 5 35
81 884 50 10 5 5 35
81 884 50 10 1.667 10 35
81 884 50 10 2.041 10 35
81 884 50 10 5 10 35
81 884 150 30 1.667 0 45
81 884 150 30 2.041 0 45
81 884 150 30 5 0 45
81 884 150 30 1.667 5 45
81 884 150 30 2.041 5 45
81 884 150 30 5 5 45
81 884 150 30 1.667 10 45
81 884 150 30 2.041 10 45
81 884 150 30 5 10 45
82 519 50 10 1.667 0 35
82 519 50 10 2.041 0 35
82 519 50 10 5 0 35
82 519 50 10 1.667 5 35
82 519 50 10 2.041 5 35
82 519 50 10 5 5 35
82 519 50 10 1.667 10 35
82 519 50 10 2.041 10 35
82 519 50 10 5 10 35
82 519 150 30 1.667 0 45
82 519 150 30 2.041 0 45
82 519 150 30 5 0 45
82 519 150 30 1.667 5 45
82 519 150 30 2.041 5 45
82 519 150 30 5 5 45
82 519 150 30 1.667 10 45
82 519 150 30 2.041 10 45
82 519 150 30 5 10 45
83 570 50 10 1.667 0 35
83 570 50 10 2.041 0 35
83 570 50 10 5 0 35
83 570 50 10 1.667 5 35
83 570 50 10 2.041 5 35
83 570 50 10 5 5 35
83 570 50 10 1.667 10 35
83 570 50 10 2.041 10 35
83 570 50 10 5 10 35
83 570 150 30 1.667 0 45
83 570 150 30 2.041 0 45
83 570 150 30 5 0 45
83 570 150 30 1.667 5 45
83 570 150 30 2.041 5 45
83 570 150 30 5 5 45
83 570 150 30 1.667 10 45
83 570 150 30 2.041 10 45
83 570 150 30 5 10 45
84 623 50 10 1.667 0 35
84 623 50 10 2.041 0 35
84 623 50 10 5 0 35
84 623 50 10 1.667 5 35
84 623 50 10 2.041 5 35
84 623 50 10 5 5 35
84 623 50 10 1.667 10 35
84 623 50 10 2.041 10 35
84 623 50 10 5 10 35
84 623 150 30 1.667 0 45
84 623 150 30 2.041 0 45
84 623 150 30 5 0 45
84 623 150 30 1.667 5 45
84 623 150 30 2.041 5 45
84 623 150 30 5 5 45
84 623 150 30 1.667 10 45
84 623 150 30 2.041 10 45
84 623 150 30 5 10 45
85 862 50 10 1.667 0 35
85 862 50 10 2.041 0 35
85 862 50 10 5 0 35
85 862 50 10 1.667 5 35
85 862 50 10 2.041 5 35
85 862 50 10 5 5 35
85 862 50 10 1.667 10 35
85 862 50 10 2.041 10 35
85 862 50 10 5 10 35
85 862 150 30 1.667 0 45
85 862 150 30 2.041 0 45
85 862 150 30 5 0 45
85 862 150 30 1.667 5 45
85 862 150 30 2.041 5 45
85 862 150 30 5 5 45
85 862 150 30 1.667 10 45
85 862 150 30 2.041 10 45
85 862 150 30 5 10 45
86 315 50 10 1.667 0 35
86 315 50 10 2.041 0 35
86 315 50 10 5 0 35
86 315 50 10 1.667 5 35
86 315 50 10 2.041 5 35
86 315 50 10 5 5 35
86 315 50 10 1.667 10 35
86 315 50 10 2.041 10 35
86 315 50 10 5 10 35
86 315 150 30 1.667 0 45
86 315 150 30 2.041 0 45
86 315 150 30 5 0 45
86 315 150 30 1.667 5 45
86 315 150 30 2.041 5 45
86 315 150 30 5 5 45
86 315 150 30 1.667 10 45
86 315 150 30 2.041 10 45
86 315 150 30 5 10 45
87 2 50 10 1.667 0 35
87 2 50 10 2.041 0 35
87 2 50 10 5 0 35
87 2 50 10 1.667 5 35
87 2 50 10 2.041 5 35
87 2 50 10 5 5 35
87 2 50 10 1.667 10 35
87 2 50 10 2.041 10 35
87 2 50 10 5 10 35
87 2 150 30 1.667 0 45
87 2 150 30 2.041 0 45
87 2 150 30 5 0 45
87 2 150 30 1.667 5 45
87 2 150 30 2.041 5 45
87 2 150 30 5 5 45
87 2 150 30 1.667 10 45
87 2 150 30 2.041 10 45
87 2 150 30 5 10 45
88 691 50 10 1.667 0 35
88 691 50 10 2.041 0 35
88 691 50 10 5 0 35
88 691 50 10 1.667 5 35
88 691 50 10 2.041 5 35
88 691 50 10 5 5 35
88 691 50 10 1.667 10 35
88 691 50 10 2.041 10 35
88 691 50 10 5 10 35
88 691 150 30 1.667 0 45
88 691 150 30 2.041 0 45
88 691 150 30 5 0 45
88 691 150 30 1.667 5 45
88 691 150 30 2.041 5 45
88 691 150 30 5 5 45
88 691 150 30 1.667 10 45
88 691 150 30 2.041 10 45
88 691 150 30 5 10 45
89 127 50 10 1.667 0 35
89 127 50 10 2.041 0 35
89 127 50 10 5 0 35
89 127 50 10 1.667 5 35
89 127 50 10 2.041 5 35
89 127 50 10 5 5 35
89 127 50 10 1.667 10 35
89 127 50 10 2.041 10 35
89 127 50 10 5 10 35
89 127 150 30 1.667 0 45
89 127 150 30 2.041 0 45
89 127 150 30 5 0 45
89 127 150 30 1.667 5 45
89 127 150 30 2.041 5 45
89 127 150 30 5 5 45
89 127 150 30 1.667 10 45
89 127 150 30 2.041 10 45
89 127 150 30 5 10 45
90 385 50 10 1.667 0 35
90 385 50 10 2.041 0 35
90 385 50 10 5 0 35
90 385 50 10 1.667 5 35
90 385 50 10 2.041 5 35
90 385 50 10 5 5 35
90 385 50 10 1.667 10 35
90 385 50 10 2.041 10 35
90 385 50 10 5 10 35
90 385 150 30 1.667 0 45
90 385 150 30 2.041 0 45
90 385 150 30 5 0 45
90 385 150 30 1.667 5 45
90 385 150 30 2.041 5 45
90 385 150 30 5 5 45
90 385 150 30 1.667 10 45
90 385 150 30 2.041 10 45
90 385 150 30 5 10 45
91 4 50 10 1.667 0 35
91 4 50 10 2.041 0 35
91 4 50 10 5 0 35
91 4 50 10 1.667 5 35
91 4 50 10 2.041 5 35
91 4 50 10 5 5 35
91 4 50 10 1.667 10 35
91 4 50 10 2.041 10 35
91 4 50 10 5 10 35
91 4 150 30 1.667 0 45
91 4 150 30 2.041 0 45
91 4 150 30 5 0 45
91 4 150 30 1.667 5 45
91 4 150 30 2.041 5 45
91 4 150 30 5 5 45
91 4 150 30 1.667 10 45
91 4 150 30 2.041 10 45
91 4 150 30 5 10 45
92 151 50 10 1.667 0 35
92 151 50 10 2.041 0 35
92 151 50 10 5 0 35
92 151 50 10 1.667 5 35
92 151 50 10 2.041 5 35
92 151 50 10 5 5 35
92 151 50 10 1.667 10 35
92 151 50 10 2.041 10 35
92 151 50 10 5 10 35
92 151 150 30 1.667 0 45
92 151 150 30 2.041 0 45
92 151 150 30 5 0 45
92 151 150 30 1.667 5 45
92 151 150 30 2.041 5 45
92 151 150 30 5 5 45
92 151 150 30 1.667 10 45
92 151 150 30 2.041 10 45
92 151 150 30 5 10 45
93 512 50 10 1.667 0 35
93 512 50 10 2.041 0 35
93 512 50 10 5 0 35
93 512 50 10 1.667 5 35
93 512 50 10 2.041 5 35
93 512 50 10 5 5 35
93 512 50 10 1.667 10 35
93 512 50 10 2.041 10 35
93 512 50 10 5 10 35
93 512 150 30 1.667 0 45
93 512 150 30 2.041 0 45
93 512 150 30 5 0 45
93 512 150 30 1.667 5 45
93 512 150 30 2.041 5 45
93 512 150 30 5 5 45
93 512 150 30 1.667 10 45
93 512 150 30 2.041 10 45
93 512 150 30 5 10 45
94 803 50 10 1.667 0 35
94 803 50 10 2.041 0 35
94 803 50 10 5 0 35
94 803 50 10 1.667 5 35
94 803 50 10 2.041 5 35
94 803 50 10 5 5 35
94 803 50 10 1.667 10 35
94 803 50 10 2.041 10 35
94 803 50 10 5 10 35
94 803 150 30 1.667 0 45
94 803 150 30 2.041 0 45
94 803 150 30 5 0 45
94 803 150 30 1.667 5 45
94 803 150 30 2.041 5 45
94 803 150 30 5 5 45
94 803 150 30 1.667 10 45
94 803 150 30 2.041 10 45
94 803 150 30 5 10 45
95 769 50 10 1.667 0 35
95 769 50 10 2.041 0 35
95 769 50 10 5 0 35
95 769 50 10 1.667 5 35
95 769 50 10 2.041 5 35
95 769 50 10 5 5 35
95 769 50 10 1.667 10 35
95 769 50 10 2.041 10 35
95 769 50 10 5 10 35
95 769 150 30 1.667 0 45
95 769 150 30 2.041 0 45
95 769 150 30 5 0 45
95 769 150 30 1.667 5 45
95 769 150 30 2.041 5 45
95 769 150 30 5 5 45
95 769 150 30 1.667 10 45
95 769 150 30 2.041 10 45
95 769 150 30 5 10 45
96 648 50 10 1.667 0 35
96 648 50 10 2.041 0 35
96 648 50 10 5 0 35
96 648 50 10 1.667 5 35
96 648 50 10 2.041 5 35
96 648 50 10 5 5 35
96 648 50 10 1.667 10 35
96 648 50 10 2.041 10 35
96 648 50 10 5 10 35
96 648 150 30 1.667 0 45
96 648 150 30 2.041 0 45
96 648 150 30 5 0 45
96 648 150 30 1.667 5 45
96 648 150 30 2.041 5 45
96 648 150 30 5 5 45
96 648 150 30 1.667 10 45
96 648 150 30 2.041 10 45
96 648 150 30 5 10 45
97 194 50 10 1.667 0 35
97 194 50 10 2.041 0 35
97 194 50 10 5 0 35
97 194 50 10 1.667 5 35
97 194 50 10 2.041 5 35
97 194 50 10 5 5 35
97 194 50 10 1.667 10 35
97 194 50 10 2.041 10 35
97 194 50 10 5 10 35
97 194 150 30 1.667 0 45
97 194 150 30 2.041 0 45
97 194 150 30 5 0 45
97 194 150 30 1.667 5 45
97 194 150 30 2.041 5 45
97 194 150 30 5 5 45
97 194 150 30 1.667 10 45
97 194 150 30 2.041 10 45
97 194 150 30 5 10 45
98 783 50 10 1.667 0 35
98 783 50 10 2.041 0 35
98 783 50 10 5 0 35
98 783 50 10 1.667 5 35
98 783 50 10 2.041 5 35
98 783 50 10 5 5 35
98 783 50 10 1.667 10 35
98 783 50 10 2.041 10 35
98 783 50 10 5 10 35
98 783 150 30 1.667 0 45
98 783 150 30 2.041 0 45
98 783 150 30 5 0 45
98 783 150 30 1.667 5 45
98 783 150 30 2.041 5 45
98 783 150 30 5 5 45
98 783 150 30 1.667 10 45
98 783 150 30 2.041 10 45
98 783 150 30 5 10 45
99 839 50 10 1.667 0 35
99 839 50 10 2.041 0 35
99 839 50 10 5 0 35
99 839 50 10 1.667 5 35
99 839 50 10 2.041 5 35
99 839 50 10 5 5 35
99 839 50 10 1.667 10 35
99 839 50 10 2.041 10 35
99 839 50 10 5 10 35
99 839 150 30 1.667 0 45
99 839 150 30 2.041 0 45
99 839 150 30 5 0 45
99 839 150 30 1.667 5 45
99 839 150 30 2.041 5 45
99 839 150 30 5 5 45
99 839 150 30 1.667 10 45
99 839 150 30 2.041 10 45
99 839 150 30 5 10 45
100 781 50 10 1.667 0 35
100 781 50 10 2.041 0 35
100 781 50 10 5 0 35
100 781 50 10 1.667 5 35
100 781 50 10 2.041 5 35
100 781 50 10 5 5 35
100 781 50 10 1.667 10 35
100 781 50 10 2.041 10 35
100 781 50 10 5 10 35
100 781 150 30 1.667 0 45
100 781 150 30 2.041 0 45
100 781 150 30 5 0 45
100 781 150 30 1.667 5 45
100 781 150 30 2.041 5 45
100 781 150 30 5 5 45
100 781 150 30 1.667 10 45
100 781 150 30 2.041 10 45
100 781 150 30 5 10 45
