1 1 10 10 909 5
2 1 10 10 586 5
3 1 10 10 901 5
4 1 10 10 22 5
5 1 10 10 704 5
6 1 10 10 825 5
7 1 10 10 526 5
8 1 10 10 252 5
9 1 10 10 191 5
10 1 10 10 235 5
11 1 10 10 277 5
12 1 10 10 661 5
13 1 10 10 868 5
14 1 10 10 74 5
15 1 10 10 509 5
16 1 10 10 108 5
17 1 10 10 519 5
18 1 10 10 30 5
19 1 10 10 484 5
20 1 10 10 934 5
21 1 10 10 607 5
22 1 10 10 582 5
23 1 10 10 699 5
24 1 10 10 198 5
25 1 10 10 597 5
26 1 10 10 86 5
27 1 10 10 616 5
28 1 10 10 311 5
29 1 10 10 202 5
30 1 10 10 446 5
31 1 10 10 667 5
32 1 10 10 349 5
33 1 10 10 919 5
34 1 10 10 856 5
35 1 10 10 877 5
36 1 10 10 9 5
37 1 10 10 938 5
38 1 10 10 830 5
39 1 10 10 911 5
40 1 10 10 710 5
41 1 10 10 770 5
42 1 10 10 518 5
43 1 10 10 287 5
44 1 10 10 587 5
45 1 10 10 79 5
46 1 10 10 621 5
47 1 10 10 960 5
48 1 10 10 556 5
49 1 10 10 326 5
50 1 10 10 142 5
51 1 10 10 990 5
52 1 10 10 428 5
53 1 10 10 593 5
54 1 10 10 197 5
55 1 10 10 917 5
56 1 10 10 729 5
57 1 10 10 889 5
58 1 10 10 412 5
59 1 10 10 631 5
60 1 10 10 599 5
61 1 10 10 858 5
62 1 10 10 777 5
63 1 10 10 633 5
64 1 10 10 444 5
65 1 10 10 727 5
66 1 10 10 840 5
67 1 10 10 606 5
68 1 10 10 493 5
69 1 10 10 693 5
70 1 10 10 742 5
71 1 10 10 468 5
72 1 10 10 897 5
73 1 10 10 620 5
74 1 10 10 957 5
75 1 10 10 626 5
76 1 10 10 429 5
77 1 10 10 521 5
78 1 10 10 103 5
79 1 10 10 230 5
80 1 10 10 663 5
81 1 10 10 943 5
82 1 10 10 481 5
83 1 10 10 266 5
84 1 10 10 220 5
85 1 10 10 963 5
86 1 10 10 473 5
87 1 10 10 672 5
88 1 10 10 915 5
89 1 10 10 703 5
90 1 10 10 363 5
91 1 10 10 797 5
92 1 10 10 35 5
93 1 10 10 997 5
94 1 10 10 313 5
95 1 10 10 525 5
96 1 10 10 344 5
97 1 10 10 947 5
98 1 10 10 126 5
99 1 10 10 828 5
100 1 10 10 278 5
1 1 20 20 909 5
2 1 20 20 586 5
3 1 20 20 901 5
4 1 20 20 22 5
5 1 20 20 704 5
6 1 20 20 825 5
7 1 20 20 526 5
8 1 20 20 252 5
9 1 20 20 191 5
10 1 20 20 235 5
11 1 20 20 277 5
12 1 20 20 661 5
13 1 20 20 868 5
14 1 20 20 74 5
15 1 20 20 509 5
16 1 20 20 108 5
17 1 20 20 519 5
18 1 20 20 30 5
19 1 20 20 484 5
20 1 20 20 934 5
21 1 20 20 607 5
22 1 20 20 582 5
23 1 20 20 699 5
24 1 20 20 198 5
25 1 20 20 597 5
26 1 20 20 86 5
27 1 20 20 616 5
28 1 20 20 311 5
29 1 20 20 202 5
30 1 20 20 446 5
31 1 20 20 667 5
32 1 20 20 349 5
33 1 20 20 919 5
34 1 20 20 856 5
35 1 20 20 877 5
36 1 20 20 9 5
37 1 20 20 938 5
38 1 20 20 830 5
39 1 20 20 911 5
40 1 20 20 710 5
41 1 20 20 770 5
42 1 20 20 518 5
43 1 20 20 287 5
44 1 20 20 587 5
45 1 20 20 79 5
46 1 20 20 621 5
47 1 20 20 960 5
48 1 20 20 556 5
49 1 20 20 326 5
50 1 20 20 142 5
51 1 20 20 990 5
52 1 20 20 428 5
53 1 20 20 593 5
54 1 20 20 197 5
55 1 20 20 917 5
56 1 20 20 729 5
57 1 20 20 889 5
58 1 20 20 412 5
59 1 20 20 631 5
60 1 20 20 599 5
61 1 20 20 858 5
62 1 20 20 777 5
63 1 20 20 633 5
64 1 20 20 444 5
65 1 20 20 727 5
66 1 20 20 840 5
67 1 20 20 606 5
68 1 20 20 493 5
69 1 20 20 693 5
70 1 20 20 742 5
71 1 20 20 468 5
72 1 20 20 897 5
73 1 20 20 620 5
74 1 20 20 957 5
75 1 20 20 626 5
76 1 20 20 429 5
77 1 20 20 521 5
78 1 20 20 103 5
79 1 20 20 230 5
80 1 20 20 663 5
81 1 20 20 943 5
82 1 20 20 481 5
83 1 20 20 266 5
84 1 20 20 220 5
85 1 20 20 963 5
86 1 20 20 473 5
87 1 20 20 672 5
88 1 20 20 915 5
89 1 20 20 703 5
90 1 20 20 363 5
91 1 20 20 797 5
92 1 20 20 35 5
93 1 20 20 997 5
94 1 20 20 313 5
95 1 20 20 525 5
96 1 20 20 344 5
97 1 20 20 947 5
98 1 20 20 126 5
99 1 20 20 828 5
100 1 20 20 278 5
1 1 40 20 909 10
2 1 40 20 586 10
3 1 40 20 901 10
4 1 40 20 22 10
5 1 40 20 704 10
6 1 40 20 825 10
7 1 40 20 526 10
8 1 40 20 252 10
9 1 40 20 191 10
10 1 40 20 235 10
11 1 40 20 277 10
12 1 40 20 661 10
13 1 40 20 868 10
14 1 40 20 74 10
15 1 40 20 509 10
16 1 40 20 108 10
17 1 40 20 519 10
18 1 40 20 30 10
19 1 40 20 484 10
20 1 40 20 934 10
21 1 40 20 607 10
22 1 40 20 582 10
23 1 40 20 699 10
24 1 40 20 198 10
25 1 40 20 597 10
26 1 40 20 86 10
27 1 40 20 616 10
28 1 40 20 311 10
29 1 40 20 202 10
30 1 40 20 446 10
31 1 40 20 667 10
32 1 40 20 349 10
33 1 40 20 919 10
34 1 40 20 856 10
35 1 40 20 877 10
36 1 40 20 9 10
37 1 40 20 938 10
38 1 40 20 830 10
39 1 40 20 911 10
40 1 40 20 710 10
41 1 40 20 770 10
42 1 40 20 518 10
43 1 40 20 287 10
44 1 40 20 587 10
45 1 40 20 79 10
46 1 40 20 621 10
47 1 40 20 960 10
48 1 40 20 556 10
49 1 40 20 326 10
50 1 40 20 142 10
51 1 40 20 990 10
52 1 40 20 428 10
53 1 40 20 593 10
54 1 40 20 197 10
55 1 40 20 917 10
56 1 40 20 729 10
57 1 40 20 889 10
58 1 40 20 412 10
59 1 40 20 631 10
60 1 40 20 599 10
61 1 40 20 858 10
62 1 40 20 777 10
63 1 40 20 633 10
64 1 40 20 444 10
65 1 40 20 727 10
66 1 40 20 840 10
67 1 40 20 606 10
68 1 40 20 493 10
69 1 40 20 693 10
70 1 40 20 742 10
71 1 40 20 468 10
72 1 40 20 897 10
73 1 40 20 620 10
74 1 40 20 957 10
75 1 40 20 626 10
76 1 40 20 429 10
77 1 40 20 521 10
78 1 40 20 103 10
79 1 40 20 230 10
80 1 40 20 663 10
81 1 40 20 943 10
82 1 40 20 481 10
83 1 40 20 266 10
84 1 40 20 220 10
85 1 40 20 963 10
86 1 40 20 473 10
87 1 40 20 672 10
88 1 40 20 915 10
89 1 40 20 703 10
90 1 40 20 363 10
91 1 40 20 797 10
92 1 40 20 35 10
93 1 40 20 997 10
94 1 40 20 313 10
95 1 40 20 525 10
96 1 40 20 344 10
97 1 40 20 947 10
98 1 40 20 126 10
99 1 40 20 828 10
100 1 40 20 278 10
1 1 150 30 909 20
2 1 150 30 586 20
3 1 150 30 901 20
4 1 150 30 22 20
5 1 150 30 704 20
6 1 150 30 825 20
7 1 150 30 526 20
8 1 150 30 252 20
9 1 150 30 191 20
10 1 150 30 235 20
11 1 150 30 277 20
12 1 150 30 661 20
13 1 150 30 868 20
14 1 150 30 74 20
15 1 150 30 509 20
16 1 150 30 108 20
17 1 150 30 519 20
18 1 150 30 30 20
19 1 150 30 484 20
20 1 150 30 934 20
21 1 150 30 607 20
22 1 150 30 582 20
23 1 150 30 699 20
24 1 150 30 198 20
25 1 150 30 597 20
26 1 150 30 86 20
27 1 150 30 616 20
28 1 150 30 311 20
29 1 150 30 202 20
30 1 150 30 446 20
31 1 150 30 667 20
32 1 150 30 349 20
33 1 150 30 919 20
34 1 150 30 856 20
35 1 150 30 877 20
36 1 150 30 9 20
37 1 150 30 938 20
38 1 150 30 830 20
39 1 150 30 911 20
40 1 150 30 710 20
41 1 150 30 770 20
42 1 150 30 518 20
43 1 150 30 287 20
44 1 150 30 587 20
45 1 150 30 79 20
46 1 150 30 621 20
47 1 150 30 960 20
48 1 150 30 556 20
49 1 150 30 326 20
50 1 150 30 142 20
51 1 150 30 990 20
52 1 150 30 428 20
53 1 150 30 593 20
54 1 150 30 197 20
55 1 150 30 917 20
56 1 150 30 729 20
57 1 150 30 889 20
58 1 150 30 412 20
59 1 150 30 631 20
60 1 150 30 599 20
61 1 150 30 858 20
62 1 150 30 777 20
63 1 150 30 633 20
64 1 150 30 444 20
65 1 150 30 727 20
66 1 150 30 840 20
67 1 150 30 606 20
68 1 150 30 493 20
69 1 150 30 693 20
70 1 150 30 742 20
71 1 150 30 468 20
72 1 150 30 897 20
73 1 150 30 620 20
74 1 150 30 957 20
75 1 150 30 626 20
76 1 150 30 429 20
77 1 150 30 521 20
78 1 150 30 103 20
79 1 150 30 230 20
80 1 150 30 663 20
81 1 150 30 943 20
82 1 150 30 481 20
83 1 150 30 266 20
84 1 150 30 220 20
85 1 150 30 963 20
86 1 150 30 473 20
87 1 150 30 672 20
88 1 150 30 915 20
89 1 150 30 703 20
90 1 150 30 363 20
91 1 150 30 797 20
92 1 150 30 35 20
93 1 150 30 997 20
94 1 150 30 313 20
95 1 150 30 525 20
96 1 150 30 344 20
97 1 150 30 947 20
98 1 150 30 126 20
99 1 150 30 828 20
100 1 150 30 278 20

