1 355 50 10 1.667 0 30
1 355 50 10 2.041 0 30
1 355 50 10 5 0 30
1 355 50 10 1.667 5 35
1 355 50 10 2.041 5 35
1 355 50 10 5 5 35
1 355 50 10 1.667 10 40
1 355 50 10 2.041 10 40
1 355 50 10 5 10 40
1 355 150 30 1.667 0 40
1 355 150 30 2.041 0 40
1 355 150 30 5 0 40
1 355 150 30 1.667 5 45
1 355 150 30 2.041 5 45
1 355 150 30 5 5 45
1 355 150 30 1.667 10 55
1 355 150 30 2.041 10 55
1 355 150 30 5 10 55
2 810 50 10 1.667 0 30
2 810 50 10 2.041 0 30
2 810 50 10 5 0 30
2 810 50 10 1.667 5 35
2 810 50 10 2.041 5 35
2 810 50 10 5 5 35
2 810 50 10 1.667 10 40
2 810 50 10 2.041 10 40
2 810 50 10 5 10 40
2 810 150 30 1.667 0 40
2 810 150 30 2.041 0 40
2 810 150 30 5 0 40
2 810 150 30 1.667 5 45
2 810 150 30 2.041 5 45
2 810 150 30 5 5 45
2 810 150 30 1.667 10 55
2 810 150 30 2.041 10 55
2 810 150 30 5 10 55
3 223 50 10 1.667 0 30
3 223 50 10 2.041 0 30
3 223 50 10 5 0 30
3 223 50 10 1.667 5 35
3 223 50 10 2.041 5 35
3 223 50 10 5 5 35
3 223 50 10 1.667 10 40
3 223 50 10 2.041 10 40
3 223 50 10 5 10 40
3 223 150 30 1.667 0 40
3 223 150 30 2.041 0 40
3 223 150 30 5 0 40
3 223 150 30 1.667 5 45
3 223 150 30 2.041 5 45
3 223 150 30 5 5 45
3 223 150 30 1.667 10 55
3 223 150 30 2.041 10 55
3 223 150 30 5 10 55
4 992 50 10 1.667 0 30
4 992 50 10 2.041 0 30
4 992 50 10 5 0 30
4 992 50 10 1.667 5 35
4 992 50 10 2.041 5 35
4 992 50 10 5 5 35
4 992 50 10 1.667 10 40
4 992 50 10 2.041 10 40
4 992 50 10 5 10 40
4 992 150 30 1.667 0 40
4 992 150 30 2.041 0 40
4 992 150 30 5 0 40
4 992 150 30 1.667 5 45
4 992 150 30 2.041 5 45
4 992 150 30 5 5 45
4 992 150 30 1.667 10 55
4 992 150 30 2.041 10 55
4 992 150 30 5 10 55
5 150 50 10 1.667 0 30
5 150 50 10 2.041 0 30
5 150 50 10 5 0 30
5 150 50 10 1.667 5 35
5 150 50 10 2.041 5 35
5 150 50 10 5 5 35
5 150 50 10 1.667 10 40
5 150 50 10 2.041 10 40
5 150 50 10 5 10 40
5 150 150 30 1.667 0 40
5 150 150 30 2.041 0 40
5 150 150 30 5 0 40
5 150 150 30 1.667 5 45
5 150 150 30 2.041 5 45
5 150 150 30 5 5 45
5 150 150 30 1.667 10 55
5 150 150 30 2.041 10 55
5 150 150 30 5 10 55
6 663 50 10 1.667 0 30
6 663 50 10 2.041 0 30
6 663 50 10 5 0 30
6 663 50 10 1.667 5 35
6 663 50 10 2.041 5 35
6 663 50 10 5 5 35
6 663 50 10 1.667 10 40
6 663 50 10 2.041 10 40
6 663 50 10 5 10 40
6 663 150 30 1.667 0 40
6 663 150 30 2.041 0 40
6 663 150 30 5 0 40
6 663 150 30 1.667 5 45
6 663 150 30 2.041 5 45
6 663 150 30 5 5 45
6 663 150 30 1.667 10 55
6 663 150 30 2.041 10 55
6 663 150 30 5 10 55
7 254 50 10 1.667 0 30
7 254 50 10 2.041 0 30
7 254 50 10 5 0 30
7 254 50 10 1.667 5 35
7 254 50 10 2.041 5 35
7 254 50 10 5 5 35
7 254 50 10 1.667 10 40
7 254 50 10 2.041 10 40
7 254 50 10 5 10 40
7 254 150 30 1.667 0 40
7 254 150 30 2.041 0 40
7 254 150 30 5 0 40
7 254 150 30 1.667 5 45
7 254 150 30 2.041 5 45
7 254 150 30 5 5 45
7 254 150 30 1.667 10 55
7 254 150 30 2.041 10 55
7 254 150 30 5 10 55
8 316 50 10 1.667 0 30
8 316 50 10 2.041 0 30
8 316 50 10 5 0 30
8 316 50 10 1.667 5 35
8 316 50 10 2.041 5 35
8 316 50 10 5 5 35
8 316 50 10 1.667 10 40
8 316 50 10 2.041 10 40
8 316 50 10 5 10 40
8 316 150 30 1.667 0 40
8 316 150 30 2.041 0 40
8 316 150 30 5 0 40
8 316 150 30 1.667 5 45
8 316 150 30 2.041 5 45
8 316 150 30 5 5 45
8 316 150 30 1.667 10 55
8 316 150 30 2.041 10 55
8 316 150 30 5 10 55
9 70 50 10 1.667 0 30
9 70 50 10 2.041 0 30
9 70 50 10 5 0 30
9 70 50 10 1.667 5 35
9 70 50 10 2.041 5 35
9 70 50 10 5 5 35
9 70 50 10 1.667 10 40
9 70 50 10 2.041 10 40
9 70 50 10 5 10 40
9 70 150 30 1.667 0 40
9 70 150 30 2.041 0 40
9 70 150 30 5 0 40
9 70 150 30 1.667 5 45
9 70 150 30 2.041 5 45
9 70 150 30 5 5 45
9 70 150 30 1.667 10 55
9 70 150 30 2.041 10 55
9 70 150 30 5 10 55
10 964 50 10 1.667 0 30
10 964 50 10 2.041 0 30
10 964 50 10 5 0 30
10 964 50 10 1.667 5 35
10 964 50 10 2.041 5 35
10 964 50 10 5 5 35
10 964 50 10 1.667 10 40
10 964 50 10 2.041 10 40
10 964 50 10 5 10 40
10 964 150 30 1.667 0 40
10 964 150 30 2.041 0 40
10 964 150 30 5 0 40
10 964 150 30 1.667 5 45
10 964 150 30 2.041 5 45
10 964 150 30 5 5 45
10 964 150 30 1.667 10 55
10 964 150 30 2.041 10 55
10 964 150 30 5 10 55
11 815 50 10 1.667 0 30
11 815 50 10 2.041 0 30
11 815 50 10 5 0 30
11 815 50 10 1.667 5 35
11 815 50 10 2.041 5 35
11 815 50 10 5 5 35
11 815 50 10 1.667 10 40
11 815 50 10 2.041 10 40
11 815 50 10 5 10 40
11 815 150 30 1.667 0 40
11 815 150 30 2.041 0 40
11 815 150 30 5 0 40
11 815 150 30 1.667 5 45
11 815 150 30 2.041 5 45
11 815 150 30 5 5 45
11 815 150 30 1.667 10 55
11 815 150 30 2.041 10 55
11 815 150 30 5 10 55
12 419 50 10 1.667 0 30
12 419 50 10 2.041 0 30
12 419 50 10 5 0 30
12 419 50 10 1.667 5 35
12 419 50 10 2.041 5 35
12 419 50 10 5 5 35
12 419 50 10 1.667 10 40
12 419 50 10 2.041 10 40
12 419 50 10 5 10 40
12 419 150 30 1.667 0 40
12 419 150 30 2.041 0 40
12 419 150 30 5 0 40
12 419 150 30 1.667 5 45
12 419 150 30 2.041 5 45
12 419 150 30 5 5 45
12 419 150 30 1.667 10 55
12 419 150 30 2.041 10 55
12 419 150 30 5 10 55
13 442 50 10 1.667 0 30
13 442 50 10 2.041 0 30
13 442 50 10 5 0 30
13 442 50 10 1.667 5 35
13 442 50 10 2.041 5 35
13 442 50 10 5 5 35
13 442 50 10 1.667 10 40
13 442 50 10 2.041 10 40
13 442 50 10 5 10 40
13 442 150 30 1.667 0 40
13 442 150 30 2.041 0 40
13 442 150 30 5 0 40
13 442 150 30 1.667 5 45
13 442 150 30 2.041 5 45
13 442 150 30 5 5 45
13 442 150 30 1.667 10 55
13 442 150 30 2.041 10 55
13 442 150 30 5 10 55
14 503 50 10 1.667 0 30
14 503 50 10 2.041 0 30
14 503 50 10 5 0 30
14 503 50 10 1.667 5 35
14 503 50 10 2.041 5 35
14 503 50 10 5 5 35
14 503 50 10 1.667 10 40
14 503 50 10 2.041 10 40
14 503 50 10 5 10 40
14 503 150 30 1.667 0 40
14 503 150 30 2.041 0 40
14 503 150 30 5 0 40
14 503 150 30 1.667 5 45
14 503 150 30 2.041 5 45
14 503 150 30 5 5 45
14 503 150 30 1.667 10 55
14 503 150 30 2.041 10 55
14 503 150 30 5 10 55
15 487 50 10 1.667 0 30
15 487 50 10 2.041 0 30
15 487 50 10 5 0 30
15 487 50 10 1.667 5 35
15 487 50 10 2.041 5 35
15 487 50 10 5 5 35
15 487 50 10 1.667 10 40
15 487 50 10 2.041 10 40
15 487 50 10 5 10 40
15 487 150 30 1.667 0 40
15 487 150 30 2.041 0 40
15 487 150 30 5 0 40
15 487 150 30 1.667 5 45
15 487 150 30 2.041 5 45
15 487 150 30 5 5 45
15 487 150 30 1.667 10 55
15 487 150 30 2.041 10 55
15 487 150 30 5 10 55
16 632 50 10 1.667 0 30
16 632 50 10 2.041 0 30
16 632 50 10 5 0 30
16 632 50 10 1.667 5 35
16 632 50 10 2.041 5 35
16 632 50 10 5 5 35
16 632 50 10 1.667 10 40
16 632 50 10 2.041 10 40
16 632 50 10 5 10 40
16 632 150 30 1.667 0 40
16 632 150 30 2.041 0 40
16 632 150 30 5 0 40
16 632 150 30 1.667 5 45
16 632 150 30 2.041 5 45
16 632 150 30 5 5 45
16 632 150 30 1.667 10 55
16 632 150 30 2.041 10 55
16 632 150 30 5 10 55
17 768 50 10 1.667 0 30
17 768 50 10 2.041 0 30
17 768 50 10 5 0 30
17 768 50 10 1.667 5 35
17 768 50 10 2.041 5 35
17 768 50 10 5 5 35
17 768 50 10 1.667 10 40
17 768 50 10 2.041 10 40
17 768 50 10 5 10 40
17 768 150 30 1.667 0 40
17 768 150 30 2.041 0 40
17 768 150 30 5 0 40
17 768 150 30 1.667 5 45
17 768 150 30 2.041 5 45
17 768 150 30 5 5 45
17 768 150 30 1.667 10 55
17 768 150 30 2.041 10 55
17 768 150 30 5 10 55
18 105 50 10 1.667 0 30
18 105 50 10 2.041 0 30
18 105 50 10 5 0 30
18 105 50 10 1.667 5 35
18 105 50 10 2.041 5 35
18 105 50 10 5 5 35
18 105 50 10 1.667 10 40
18 105 50 10 2.041 10 40
18 105 50 10 5 10 40
18 105 150 30 1.667 0 40
18 105 150 30 2.041 0 40
18 105 150 30 5 0 40
18 105 150 30 1.667 5 45
18 105 150 30 2.041 5 45
18 105 150 30 5 5 45
18 105 150 30 1.667 10 55
18 105 150 30 2.041 10 55
18 105 150 30 5 10 55
19 506 50 10 1.667 0 30
19 506 50 10 2.041 0 30
19 506 50 10 5 0 30
19 506 50 10 1.667 5 35
19 506 50 10 2.041 5 35
19 506 50 10 5 5 35
19 506 50 10 1.667 10 40
19 506 50 10 2.041 10 40
19 506 50 10 5 10 40
19 506 150 30 1.667 0 40
19 506 150 30 2.041 0 40
19 506 150 30 5 0 40
19 506 150 30 1.667 5 45
19 506 150 30 2.041 5 45
19 506 150 30 5 5 45
19 506 150 30 1.667 10 55
19 506 150 30 2.041 10 55
19 506 150 30 5 10 55
20 601 50 10 1.667 0 30
20 601 50 10 2.041 0 30
20 601 50 10 5 0 30
20 601 50 10 1.667 5 35
20 601 50 10 2.041 5 35
20 601 50 10 5 5 35
20 601 50 10 1.667 10 40
20 601 50 10 2.041 10 40
20 601 50 10 5 10 40
20 601 150 30 1.667 0 40
20 601 150 30 2.041 0 40
20 601 150 30 5 0 40
20 601 150 30 1.667 5 45
20 601 150 30 2.041 5 45
20 601 150 30 5 5 45
20 601 150 30 1.667 10 55
20 601 150 30 2.041 10 55
20 601 150 30 5 10 55
21 755 50 10 1.667 0 30
21 755 50 10 2.041 0 30
21 755 50 10 5 0 30
21 755 50 10 1.667 5 35
21 755 50 10 2.041 5 35
21 755 50 10 5 5 35
21 755 50 10 1.667 10 40
21 755 50 10 2.041 10 40
21 755 50 10 5 10 40
21 755 150 30 1.667 0 40
21 755 150 30 2.041 0 40
21 755 150 30 5 0 40
21 755 150 30 1.667 5 45
21 755 150 30 2.041 5 45
21 755 150 30 5 5 45
21 755 150 30 1.667 10 55
21 755 150 30 2.041 10 55
21 755 150 30 5 10 55
22 192 50 10 1.667 0 30
22 192 50 10 2.041 0 30
22 192 50 10 5 0 30
22 192 50 10 1.667 5 35
22 192 50 10 2.041 5 35
22 192 50 10 5 5 35
22 192 50 10 1.667 10 40
22 192 50 10 2.041 10 40
22 192 50 10 5 10 40
22 192 150 30 1.667 0 40
22 192 150 30 2.041 0 40
22 192 150 30 5 0 40
22 192 150 30 1.667 5 45
22 192 150 30 2.041 5 45
22 192 150 30 5 5 45
22 192 150 30 1.667 10 55
22 192 150 30 2.041 10 55
22 192 150 30 5 10 55
23 170 50 10 1.667 0 30
23 170 50 10 2.041 0 30
23 170 50 10 5 0 30
23 170 50 10 1.667 5 35
23 170 50 10 2.041 5 35
23 170 50 10 5 5 35
23 170 50 10 1.667 10 40
23 170 50 10 2.041 10 40
23 170 50 10 5 10 40
23 170 150 30 1.667 0 40
23 170 150 30 2.041 0 40
23 170 150 30 5 0 40
23 170 150 30 1.667 5 45
23 170 150 30 2.041 5 45
23 170 150 30 5 5 45
23 170 150 30 1.667 10 55
23 170 150 30 2.041 10 55
23 170 150 30 5 10 55
24 360 50 10 1.667 0 30
24 360 50 10 2.041 0 30
24 360 50 10 5 0 30
24 360 50 10 1.667 5 35
24 360 50 10 2.041 5 35
24 360 50 10 5 5 35
24 360 50 10 1.667 10 40
24 360 50 10 2.041 10 40
24 360 50 10 5 10 40
24 360 150 30 1.667 0 40
24 360 150 30 2.041 0 40
24 360 150 30 5 0 40
24 360 150 30 1.667 5 45
24 360 150 30 2.041 5 45
24 360 150 30 5 5 45
24 360 150 30 1.667 10 55
24 360 150 30 2.041 10 55
24 360 150 30 5 10 55
25 732 50 10 1.667 0 30
25 732 50 10 2.041 0 30
25 732 50 10 5 0 30
25 732 50 10 1.667 5 35
25 732 50 10 2.041 5 35
25 732 50 10 5 5 35
25 732 50 10 1.667 10 40
25 732 50 10 2.041 10 40
25 732 50 10 5 10 40
25 732 150 30 1.667 0 40
25 732 150 30 2.041 0 40
25 732 150 30 5 0 40
25 732 150 30 1.667 5 45
25 732 150 30 2.041 5 45
25 732 150 30 5 5 45
25 732 150 30 1.667 10 55
25 732 150 30 2.041 10 55
25 732 150 30 5 10 55
26 67 50 10 1.667 0 30
26 67 50 10 2.041 0 30
26 67 50 10 5 0 30
26 67 50 10 1.667 5 35
26 67 50 10 2.041 5 35
26 67 50 10 5 5 35
26 67 50 10 1.667 10 40
26 67 50 10 2.041 10 40
26 67 50 10 5 10 40
26 67 150 30 1.667 0 40
26 67 150 30 2.041 0 40
26 67 150 30 5 0 40
26 67 150 30 1.667 5 45
26 67 150 30 2.041 5 45
26 67 150 30 5 5 45
26 67 150 30 1.667 10 55
26 67 150 30 2.041 10 55
26 67 150 30 5 10 55
27 153 50 10 1.667 0 30
27 153 50 10 2.041 0 30
27 153 50 10 5 0 30
27 153 50 10 1.667 5 35
27 153 50 10 2.041 5 35
27 153 50 10 5 5 35
27 153 50 10 1.667 10 40
27 153 50 10 2.041 10 40
27 153 50 10 5 10 40
27 153 150 30 1.667 0 40
27 153 150 30 2.041 0 40
27 153 150 30 5 0 40
27 153 150 30 1.667 5 45
27 153 150 30 2.041 5 45
27 153 150 30 5 5 45
27 153 150 30 1.667 10 55
27 153 150 30 2.041 10 55
27 153 150 30 5 10 55
28 668 50 10 1.667 0 30
28 668 50 10 2.041 0 30
28 668 50 10 5 0 30
28 668 50 10 1.667 5 35
28 668 50 10 2.041 5 35
28 668 50 10 5 5 35
28 668 50 10 1.667 10 40
28 668 50 10 2.041 10 40
28 668 50 10 5 10 40
28 668 150 30 1.667 0 40
28 668 150 30 2.041 0 40
28 668 150 30 5 0 40
28 668 150 30 1.667 5 45
28 668 150 30 2.041 5 45
28 668 150 30 5 5 45
28 668 150 30 1.667 10 55
28 668 150 30 2.041 10 55
28 668 150 30 5 10 55
29 445 50 10 1.667 0 30
29 445 50 10 2.041 0 30
29 445 50 10 5 0 30
29 445 50 10 1.667 5 35
29 445 50 10 2.041 5 35
29 445 50 10 5 5 35
29 445 50 10 1.667 10 40
29 445 50 10 2.041 10 40
29 445 50 10 5 10 40
29 445 150 30 1.667 0 40
29 445 150 30 2.041 0 40
29 445 150 30 5 0 40
29 445 150 30 1.667 5 45
29 445 150 30 2.041 5 45
29 445 150 30 5 5 45
29 445 150 30 1.667 10 55
29 445 150 30 2.041 10 55
29 445 150 30 5 10 55
30 19 50 10 1.667 0 30
30 19 50 10 2.041 0 30
30 19 50 10 5 0 30
30 19 50 10 1.667 5 35
30 19 50 10 2.041 5 35
30 19 50 10 5 5 35
30 19 50 10 1.667 10 40
30 19 50 10 2.041 10 40
30 19 50 10 5 10 40
30 19 150 30 1.667 0 40
30 19 150 30 2.041 0 40
30 19 150 30 5 0 40
30 19 150 30 1.667 5 45
30 19 150 30 2.041 5 45
30 19 150 30 5 5 45
30 19 150 30 1.667 10 55
30 19 150 30 2.041 10 55
30 19 150 30 5 10 55
31 783 50 10 1.667 0 30
31 783 50 10 2.041 0 30
31 783 50 10 5 0 30
31 783 50 10 1.667 5 35
31 783 50 10 2.041 5 35
31 783 50 10 5 5 35
31 783 50 10 1.667 10 40
31 783 50 10 2.041 10 40
31 783 50 10 5 10 40
31 783 150 30 1.667 0 40
31 783 150 30 2.041 0 40
31 783 150 30 5 0 40
31 783 150 30 1.667 5 45
31 783 150 30 2.041 5 45
31 783 150 30 5 5 45
31 783 150 30 1.667 10 55
31 783 150 30 2.041 10 55
31 783 150 30 5 10 55
32 881 50 10 1.667 0 30
32 881 50 10 2.041 0 30
32 881 50 10 5 0 30
32 881 50 10 1.667 5 35
32 881 50 10 2.041 5 35
32 881 50 10 5 5 35
32 881 50 10 1.667 10 40
32 881 50 10 2.041 10 40
32 881 50 10 5 10 40
32 881 150 30 1.667 0 40
32 881 150 30 2.041 0 40
32 881 150 30 5 0 40
32 881 150 30 1.667 5 45
32 881 150 30 2.041 5 45
32 881 150 30 5 5 45
32 881 150 30 1.667 10 55
32 881 150 30 2.041 10 55
32 881 150 30 5 10 55
33 995 50 10 1.667 0 30
33 995 50 10 2.041 0 30
33 995 50 10 5 0 30
33 995 50 10 1.667 5 35
33 995 50 10 2.041 5 35
33 995 50 10 5 5 35
33 995 50 10 1.667 10 40
33 995 50 10 2.041 10 40
33 995 50 10 5 10 40
33 995 150 30 1.667 0 40
33 995 150 30 2.041 0 40
33 995 150 30 5 0 40
33 995 150 30 1.667 5 45
33 995 150 30 2.041 5 45
33 995 150 30 5 5 45
33 995 150 30 1.667 10 55
33 995 150 30 2.041 10 55
33 995 150 30 5 10 55
34 326 50 10 1.667 0 30
34 326 50 10 2.041 0 30
34 326 50 10 5 0 30
34 326 50 10 1.667 5 35
34 326 50 10 2.041 5 35
34 326 50 10 5 5 35
34 326 50 10 1.667 10 40
34 326 50 10 2.041 10 40
34 326 50 10 5 10 40
34 326 150 30 1.667 0 40
34 326 150 30 2.041 0 40
34 326 150 30 5 0 40
34 326 150 30 1.667 5 45
34 326 150 30 2.041 5 45
34 326 150 30 5 5 45
34 326 150 30 1.667 10 55
34 326 150 30 2.041 10 55
34 326 150 30 5 10 55
35 412 50 10 1.667 0 30
35 412 50 10 2.041 0 30
35 412 50 10 5 0 30
35 412 50 10 1.667 5 35
35 412 50 10 2.041 5 35
35 412 50 10 5 5 35
35 412 50 10 1.667 10 40
35 412 50 10 2.041 10 40
35 412 50 10 5 10 40
35 412 150 30 1.667 0 40
35 412 150 30 2.041 0 40
35 412 150 30 5 0 40
35 412 150 30 1.667 5 45
35 412 150 30 2.041 5 45
35 412 150 30 5 5 45
35 412 150 30 1.667 10 55
35 412 150 30 2.041 10 55
35 412 150 30 5 10 55
36 119 50 10 1.667 0 30
36 119 50 10 2.041 0 30
36 119 50 10 5 0 30
36 119 50 10 1.667 5 35
36 119 50 10 2.041 5 35
36 119 50 10 5 5 35
36 119 50 10 1.667 10 40
36 119 50 10 2.041 10 40
36 119 50 10 5 10 40
36 119 150 30 1.667 0 40
36 119 150 30 2.041 0 40
36 119 150 30 5 0 40
36 119 150 30 1.667 5 45
36 119 150 30 2.041 5 45
36 119 150 30 5 5 45
36 119 150 30 1.667 10 55
36 119 150 30 2.041 10 55
36 119 150 30 5 10 55
37 372 50 10 1.667 0 30
37 372 50 10 2.041 0 30
37 372 50 10 5 0 30
37 372 50 10 1.667 5 35
37 372 50 10 2.041 5 35
37 372 50 10 5 5 35
37 372 50 10 1.667 10 40
37 372 50 10 2.041 10 40
37 372 50 10 5 10 40
37 372 150 30 1.667 0 40
37 372 150 30 2.041 0 40
37 372 150 30 5 0 40
37 372 150 30 1.667 5 45
37 372 150 30 2.041 5 45
37 372 150 30 5 5 45
37 372 150 30 1.667 10 55
37 372 150 30 2.041 10 55
37 372 150 30 5 10 55
38 467 50 10 1.667 0 30
38 467 50 10 2.041 0 30
38 467 50 10 5 0 30
38 467 50 10 1.667 5 35
38 467 50 10 2.041 5 35
38 467 50 10 5 5 35
38 467 50 10 1.667 10 40
38 467 50 10 2.041 10 40
38 467 50 10 5 10 40
38 467 150 30 1.667 0 40
38 467 150 30 2.041 0 40
38 467 150 30 5 0 40
38 467 150 30 1.667 5 45
38 467 150 30 2.041 5 45
38 467 150 30 5 5 45
38 467 150 30 1.667 10 55
38 467 150 30 2.041 10 55
38 467 150 30 5 10 55
39 665 50 10 1.667 0 30
39 665 50 10 2.041 0 30
39 665 50 10 5 0 30
39 665 50 10 1.667 5 35
39 665 50 10 2.041 5 35
39 665 50 10 5 5 35
39 665 50 10 1.667 10 40
39 665 50 10 2.041 10 40
39 665 50 10 5 10 40
39 665 150 30 1.667 0 40
39 665 150 30 2.041 0 40
39 665 150 30 5 0 40
39 665 150 30 1.667 5 45
39 665 150 30 2.041 5 45
39 665 150 30 5 5 45
39 665 150 30 1.667 10 55
39 665 150 30 2.041 10 55
39 665 150 30 5 10 55
40 121 50 10 1.667 0 30
40 121 50 10 2.041 0 30
40 121 50 10 5 0 30
40 121 50 10 1.667 5 35
40 121 50 10 2.041 5 35
40 121 50 10 5 5 35
40 121 50 10 1.667 10 40
40 121 50 10 2.041 10 40
40 121 50 10 5 10 40
40 121 150 30 1.667 0 40
40 121 150 30 2.041 0 40
40 121 150 30 5 0 40
40 121 150 30 1.667 5 45
40 121 150 30 2.041 5 45
40 121 150 30 5 5 45
40 121 150 30 1.667 10 55
40 121 150 30 2.041 10 55
40 121 150 30 5 10 55
41 22 50 10 1.667 0 30
41 22 50 10 2.041 0 30
41 22 50 10 5 0 30
41 22 50 10 1.667 5 35
41 22 50 10 2.041 5 35
41 22 50 10 5 5 35
41 22 50 10 1.667 10 40
41 22 50 10 2.041 10 40
41 22 50 10 5 10 40
41 22 150 30 1.667 0 40
41 22 150 30 2.041 0 40
41 22 150 30 5 0 40
41 22 150 30 1.667 5 45
41 22 150 30 2.041 5 45
41 22 150 30 5 5 45
41 22 150 30 1.667 10 55
41 22 150 30 2.041 10 55
41 22 150 30 5 10 55
42 455 50 10 1.667 0 30
42 455 50 10 2.041 0 30
42 455 50 10 5 0 30
42 455 50 10 1.667 5 35
42 455 50 10 2.041 5 35
42 455 50 10 5 5 35
42 455 50 10 1.667 10 40
42 455 50 10 2.041 10 40
42 455 50 10 5 10 40
42 455 150 30 1.667 0 40
42 455 150 30 2.041 0 40
42 455 150 30 5 0 40
42 455 150 30 1.667 5 45
42 455 150 30 2.041 5 45
42 455 150 30 5 5 45
42 455 150 30 1.667 10 55
42 455 150 30 2.041 10 55
42 455 150 30 5 10 55
43 948 50 10 1.667 0 30
43 948 50 10 2.041 0 30
43 948 50 10 5 0 30
43 948 50 10 1.667 5 35
43 948 50 10 2.041 5 35
43 948 50 10 5 5 35
43 948 50 10 1.667 10 40
43 948 50 10 2.041 10 40
43 948 50 10 5 10 40
43 948 150 30 1.667 0 40
43 948 150 30 2.041 0 40
43 948 150 30 5 0 40
43 948 150 30 1.667 5 45
43 948 150 30 2.041 5 45
43 948 150 30 5 5 45
43 948 150 30 1.667 10 55
43 948 150 30 2.041 10 55
43 948 150 30 5 10 55
44 890 50 10 1.667 0 30
44 890 50 10 2.041 0 30
44 890 50 10 5 0 30
44 890 50 10 1.667 5 35
44 890 50 10 2.041 5 35
44 890 50 10 5 5 35
44 890 50 10 1.667 10 40
44 890 50 10 2.041 10 40
44 890 50 10 5 10 40
44 890 150 30 1.667 0 40
44 890 150 30 2.041 0 40
44 890 150 30 5 0 40
44 890 150 30 1.667 5 45
44 890 150 30 2.041 5 45
44 890 150 30 5 5 45
44 890 150 30 1.667 10 55
44 890 150 30 2.041 10 55
44 890 150 30 5 10 55
45 638 50 10 1.667 0 30
45 638 50 10 2.041 0 30
45 638 50 10 5 0 30
45 638 50 10 1.667 5 35
45 638 50 10 2.041 5 35
45 638 50 10 5 5 35
45 638 50 10 1.667 10 40
45 638 50 10 2.041 10 40
45 638 50 10 5 10 40
45 638 150 30 1.667 0 40
45 638 150 30 2.041 0 40
45 638 150 30 5 0 40
45 638 150 30 1.667 5 45
45 638 150 30 2.041 5 45
45 638 150 30 5 5 45
45 638 150 30 1.667 10 55
45 638 150 30 2.041 10 55
45 638 150 30 5 10 55
46 364 50 10 1.667 0 30
46 364 50 10 2.041 0 30
46 364 50 10 5 0 30
46 364 50 10 1.667 5 35
46 364 50 10 2.041 5 35
46 364 50 10 5 5 35
46 364 50 10 1.667 10 40
46 364 50 10 2.041 10 40
46 364 50 10 5 10 40
46 364 150 30 1.667 0 40
46 364 150 30 2.041 0 40
46 364 150 30 5 0 40
46 364 150 30 1.667 5 45
46 364 150 30 2.041 5 45
46 364 150 30 5 5 45
46 364 150 30 1.667 10 55
46 364 150 30 2.041 10 55
46 364 150 30 5 10 55
47 363 50 10 1.667 0 30
47 363 50 10 2.041 0 30
47 363 50 10 5 0 30
47 363 50 10 1.667 5 35
47 363 50 10 2.041 5 35
47 363 50 10 5 5 35
47 363 50 10 1.667 10 40
47 363 50 10 2.041 10 40
47 363 50 10 5 10 40
47 363 150 30 1.667 0 40
47 363 150 30 2.041 0 40
47 363 150 30 5 0 40
47 363 150 30 1.667 5 45
47 363 150 30 2.041 5 45
47 363 150 30 5 5 45
47 363 150 30 1.667 10 55
47 363 150 30 2.041 10 55
47 363 150 30 5 10 55
48 563 50 10 1.667 0 30
48 563 50 10 2.041 0 30
48 563 50 10 5 0 30
48 563 50 10 1.667 5 35
48 563 50 10 2.041 5 35
48 563 50 10 5 5 35
48 563 50 10 1.667 10 40
48 563 50 10 2.041 10 40
48 563 50 10 5 10 40
48 563 150 30 1.667 0 40
48 563 150 30 2.041 0 40
48 563 150 30 5 0 40
48 563 150 30 1.667 5 45
48 563 150 30 2.041 5 45
48 563 150 30 5 5 45
48 563 150 30 1.667 10 55
48 563 150 30 2.041 10 55
48 563 150 30 5 10 55
49 729 50 10 1.667 0 30
49 729 50 10 2.041 0 30
49 729 50 10 5 0 30
49 729 50 10 1.667 5 35
49 729 50 10 2.041 5 35
49 729 50 10 5 5 35
49 729 50 10 1.667 10 40
49 729 50 10 2.041 10 40
49 729 50 10 5 10 40
49 729 150 30 1.667 0 40
49 729 150 30 2.041 0 40
49 729 150 30 5 0 40
49 729 150 30 1.667 5 45
49 729 150 30 2.041 5 45
49 729 150 30 5 5 45
49 729 150 30 1.667 10 55
49 729 150 30 2.041 10 55
49 729 150 30 5 10 55
50 34 50 10 1.667 0 30
50 34 50 10 2.041 0 30
50 34 50 10 5 0 30
50 34 50 10 1.667 5 35
50 34 50 10 2.041 5 35
50 34 50 10 5 5 35
50 34 50 10 1.667 10 40
50 34 50 10 2.041 10 40
50 34 50 10 5 10 40
50 34 150 30 1.667 0 40
50 34 150 30 2.041 0 40
50 34 150 30 5 0 40
50 34 150 30 1.667 5 45
50 34 150 30 2.041 5 45
50 34 150 30 5 5 45
50 34 150 30 1.667 10 55
50 34 150 30 2.041 10 55
50 34 150 30 5 10 55
51 352 50 10 1.667 0 30
51 352 50 10 2.041 0 30
51 352 50 10 5 0 30
51 352 50 10 1.667 5 35
51 352 50 10 2.041 5 35
51 352 50 10 5 5 35
51 352 50 10 1.667 10 40
51 352 50 10 2.041 10 40
51 352 50 10 5 10 40
51 352 150 30 1.667 0 40
51 352 150 30 2.041 0 40
51 352 150 30 5 0 40
51 352 150 30 1.667 5 45
51 352 150 30 2.041 5 45
51 352 150 30 5 5 45
51 352 150 30 1.667 10 55
51 352 150 30 2.041 10 55
51 352 150 30 5 10 55
52 73 50 10 1.667 0 30
52 73 50 10 2.041 0 30
52 73 50 10 5 0 30
52 73 50 10 1.667 5 35
52 73 50 10 2.041 5 35
52 73 50 10 5 5 35
52 73 50 10 1.667 10 40
52 73 50 10 2.041 10 40
52 73 50 10 5 10 40
52 73 150 30 1.667 0 40
52 73 150 30 2.041 0 40
52 73 150 30 5 0 40
52 73 150 30 1.667 5 45
52 73 150 30 2.041 5 45
52 73 150 30 5 5 45
52 73 150 30 1.667 10 55
52 73 150 30 2.041 10 55
52 73 150 30 5 10 55
53 155 50 10 1.667 0 30
53 155 50 10 2.041 0 30
53 155 50 10 5 0 30
53 155 50 10 1.667 5 35
53 155 50 10 2.041 5 35
53 155 50 10 5 5 35
53 155 50 10 1.667 10 40
53 155 50 10 2.041 10 40
53 155 50 10 5 10 40
53 155 150 30 1.667 0 40
53 155 150 30 2.041 0 40
53 155 150 30 5 0 40
53 155 150 30 1.667 5 45
53 155 150 30 2.041 5 45
53 155 150 30 5 5 45
53 155 150 30 1.667 10 55
53 155 150 30 2.041 10 55
53 155 150 30 5 10 55
54 980 50 10 1.667 0 30
54 980 50 10 2.041 0 30
54 980 50 10 5 0 30
54 980 50 10 1.667 5 35
54 980 50 10 2.041 5 35
54 980 50 10 5 5 35
54 980 50 10 1.667 10 40
54 980 50 10 2.041 10 40
54 980 50 10 5 10 40
54 980 150 30 1.667 0 40
54 980 150 30 2.041 0 40
54 980 150 30 5 0 40
54 980 150 30 1.667 5 45
54 980 150 30 2.041 5 45
54 980 150 30 5 5 45
54 980 150 30 1.667 10 55
54 980 150 30 2.041 10 55
54 980 150 30 5 10 55
55 974 50 10 1.667 0 30
55 974 50 10 2.041 0 30
55 974 50 10 5 0 30
55 974 50 10 1.667 5 35
55 974 50 10 2.041 5 35
55 974 50 10 5 5 35
55 974 50 10 1.667 10 40
55 974 50 10 2.041 10 40
55 974 50 10 5 10 40
55 974 150 30 1.667 0 40
55 974 150 30 2.041 0 40
55 974 150 30 5 0 40
55 974 150 30 1.667 5 45
55 974 150 30 2.041 5 45
55 974 150 30 5 5 45
55 974 150 30 1.667 10 55
55 974 150 30 2.041 10 55
55 974 150 30 5 10 55
56 472 50 10 1.667 0 30
56 472 50 10 2.041 0 30
56 472 50 10 5 0 30
56 472 50 10 1.667 5 35
56 472 50 10 2.041 5 35
56 472 50 10 5 5 35
56 472 50 10 1.667 10 40
56 472 50 10 2.041 10 40
56 472 50 10 5 10 40
56 472 150 30 1.667 0 40
56 472 150 30 2.041 0 40
56 472 150 30 5 0 40
56 472 150 30 1.667 5 45
56 472 150 30 2.041 5 45
56 472 150 30 5 5 45
56 472 150 30 1.667 10 55
56 472 150 30 2.041 10 55
56 472 150 30 5 10 55
57 817 50 10 1.667 0 30
57 817 50 10 2.041 0 30
57 817 50 10 5 0 30
57 817 50 10 1.667 5 35
57 817 50 10 2.041 5 35
57 817 50 10 5 5 35
57 817 50 10 1.667 10 40
57 817 50 10 2.041 10 40
57 817 50 10 5 10 40
57 817 150 30 1.667 0 40
57 817 150 30 2.041 0 40
57 817 150 30 5 0 40
57 817 150 30 1.667 5 45
57 817 150 30 2.041 5 45
57 817 150 30 5 5 45
57 817 150 30 1.667 10 55
57 817 150 30 2.041 10 55
57 817 150 30 5 10 55
58 242 50 10 1.667 0 30
58 242 50 10 2.041 0 30
58 242 50 10 5 0 30
58 242 50 10 1.667 5 35
58 242 50 10 2.041 5 35
58 242 50 10 5 5 35
58 242 50 10 1.667 10 40
58 242 50 10 2.041 10 40
58 242 50 10 5 10 40
58 242 150 30 1.667 0 40
58 242 150 30 2.041 0 40
58 242 150 30 5 0 40
58 242 150 30 1.667 5 45
58 242 150 30 2.041 5 45
58 242 150 30 5 5 45
58 242 150 30 1.667 10 55
58 242 150 30 2.041 10 55
58 242 150 30 5 10 55
59 271 50 10 1.667 0 30
59 271 50 10 2.041 0 30
59 271 50 10 5 0 30
59 271 50 10 1.667 5 35
59 271 50 10 2.041 5 35
59 271 50 10 5 5 35
59 271 50 10 1.667 10 40
59 271 50 10 2.041 10 40
59 271 50 10 5 10 40
59 271 150 30 1.667 0 40
59 271 150 30 2.041 0 40
59 271 150 30 5 0 40
59 271 150 30 1.667 5 45
59 271 150 30 2.041 5 45
59 271 150 30 5 5 45
59 271 150 30 1.667 10 55
59 271 150 30 2.041 10 55
59 271 150 30 5 10 55
60 826 50 10 1.667 0 30
60 826 50 10 2.041 0 30
60 826 50 10 5 0 30
60 826 50 10 1.667 5 35
60 826 50 10 2.041 5 35
60 826 50 10 5 5 35
60 826 50 10 1.667 10 40
60 826 50 10 2.041 10 40
60 826 50 10 5 10 40
60 826 150 30 1.667 0 40
60 826 150 30 2.041 0 40
60 826 150 30 5 0 40
60 826 150 30 1.667 5 45
60 826 150 30 2.041 5 45
60 826 150 30 5 5 45
60 826 150 30 1.667 10 55
60 826 150 30 2.041 10 55
60 826 150 30 5 10 55
61 162 50 10 1.667 0 30
61 162 50 10 2.041 0 30
61 162 50 10 5 0 30
61 162 50 10 1.667 5 35
61 162 50 10 2.041 5 35
61 162 50 10 5 5 35
61 162 50 10 1.667 10 40
61 162 50 10 2.041 10 40
61 162 50 10 5 10 40
61 162 150 30 1.667 0 40
61 162 150 30 2.041 0 40
61 162 150 30 5 0 40
61 162 150 30 1.667 5 45
61 162 150 30 2.041 5 45
61 162 150 30 5 5 45
61 162 150 30 1.667 10 55
61 162 150 30 2.041 10 55
61 162 150 30 5 10 55
62 767 50 10 1.667 0 30
62 767 50 10 2.041 0 30
62 767 50 10 5 0 30
62 767 50 10 1.667 5 35
62 767 50 10 2.041 5 35
62 767 50 10 5 5 35
62 767 50 10 1.667 10 40
62 767 50 10 2.041 10 40
62 767 50 10 5 10 40
62 767 150 30 1.667 0 40
62 767 150 30 2.041 0 40
62 767 150 30 5 0 40
62 767 150 30 1.667 5 45
62 767 150 30 2.041 5 45
62 767 150 30 5 5 45
62 767 150 30 1.667 10 55
62 767 150 30 2.041 10 55
62 767 150 30 5 10 55
63 264 50 10 1.667 0 30
63 264 50 10 2.041 0 30
63 264 50 10 5 0 30
63 264 50 10 1.667 5 35
63 264 50 10 2.041 5 35
63 264 50 10 5 5 35
63 264 50 10 1.667 10 40
63 264 50 10 2.041 10 40
63 264 50 10 5 10 40
63 264 150 30 1.667 0 40
63 264 150 30 2.041 0 40
63 264 150 30 5 0 40
63 264 150 30 1.667 5 45
63 264 150 30 2.041 5 45
63 264 150 30 5 5 45
63 264 150 30 1.667 10 55
63 264 150 30 2.041 10 55
63 264 150 30 5 10 55
64 837 50 10 1.667 0 30
64 837 50 10 2.041 0 30
64 837 50 10 5 0 30
64 837 50 10 1.667 5 35
64 837 50 10 2.041 5 35
64 837 50 10 5 5 35
64 837 50 10 1.667 10 40
64 837 50 10 2.041 10 40
64 837 50 10 5 10 40
64 837 150 30 1.667 0 40
64 837 150 30 2.041 0 40
64 837 150 30 5 0 40
64 837 150 30 1.667 5 45
64 837 150 30 2.041 5 45
64 837 150 30 5 5 45
64 837 150 30 1.667 10 55
64 837 150 30 2.041 10 55
64 837 150 30 5 10 55
65 198 50 10 1.667 0 30
65 198 50 10 2.041 0 30
65 198 50 10 5 0 30
65 198 50 10 1.667 5 35
65 198 50 10 2.041 5 35
65 198 50 10 5 5 35
65 198 50 10 1.667 10 40
65 198 50 10 2.041 10 40
65 198 50 10 5 10 40
65 198 150 30 1.667 0 40
65 198 150 30 2.041 0 40
65 198 150 30 5 0 40
65 198 150 30 1.667 5 45
65 198 150 30 2.041 5 45
65 198 150 30 5 5 45
65 198 150 30 1.667 10 55
65 198 150 30 2.041 10 55
65 198 150 30 5 10 55
66 282 50 10 1.667 0 30
66 282 50 10 2.041 0 30
66 282 50 10 5 0 30
66 282 50 10 1.667 5 35
66 282 50 10 2.041 5 35
66 282 50 10 5 5 35
66 282 50 10 1.667 10 40
66 282 50 10 2.041 10 40
66 282 50 10 5 10 40
66 282 150 30 1.667 0 40
66 282 150 30 2.041 0 40
66 282 150 30 5 0 40
66 282 150 30 1.667 5 45
66 282 150 30 2.041 5 45
66 282 150 30 5 5 45
66 282 150 30 1.667 10 55
66 282 150 30 2.041 10 55
66 282 150 30 5 10 55
67 494 50 10 1.667 0 30
67 494 50 10 2.041 0 30
67 494 50 10 5 0 30
67 494 50 10 1.667 5 35
67 494 50 10 2.041 5 35
67 494 50 10 5 5 35
67 494 50 10 1.667 10 40
67 494 50 10 2.041 10 40
67 494 50 10 5 10 40
67 494 150 30 1.667 0 40
67 494 150 30 2.041 0 40
67 494 150 30 5 0 40
67 494 150 30 1.667 5 45
67 494 150 30 2.041 5 45
67 494 150 30 5 5 45
67 494 150 30 1.667 10 55
67 494 150 30 2.041 10 55
67 494 150 30 5 10 55
68 32 50 10 1.667 0 30
68 32 50 10 2.041 0 30
68 32 50 10 5 0 30
68 32 50 10 1.667 5 35
68 32 50 10 2.041 5 35
68 32 50 10 5 5 35
68 32 50 10 1.667 10 40
68 32 50 10 2.041 10 40
68 32 50 10 5 10 40
68 32 150 30 1.667 0 40
68 32 150 30 2.041 0 40
68 32 150 30 5 0 40
68 32 150 30 1.667 5 45
68 32 150 30 2.041 5 45
68 32 150 30 5 5 45
68 32 150 30 1.667 10 55
68 32 150 30 2.041 10 55
68 32 150 30 5 10 55
69 507 50 10 1.667 0 30
69 507 50 10 2.041 0 30
69 507 50 10 5 0 30
69 507 50 10 1.667 5 35
69 507 50 10 2.041 5 35
69 507 50 10 5 5 35
69 507 50 10 1.667 10 40
69 507 50 10 2.041 10 40
69 507 50 10 5 10 40
69 507 150 30 1.667 0 40
69 507 150 30 2.041 0 40
69 507 150 30 5 0 40
69 507 150 30 1.667 5 45
69 507 150 30 2.041 5 45
69 507 150 30 5 5 45
69 507 150 30 1.667 10 55
69 507 150 30 2.041 10 55
69 507 150 30 5 10 55
70 403 50 10 1.667 0 30
70 403 50 10 2.041 0 30
70 403 50 10 5 0 30
70 403 50 10 1.667 5 35
70 403 50 10 2.041 5 35
70 403 50 10 5 5 35
70 403 50 10 1.667 10 40
70 403 50 10 2.041 10 40
70 403 50 10 5 10 40
70 403 150 30 1.667 0 40
70 403 150 30 2.041 0 40
70 403 150 30 5 0 40
70 403 150 30 1.667 5 45
70 403 150 30 2.041 5 45
70 403 150 30 5 5 45
70 403 150 30 1.667 10 55
70 403 150 30 2.041 10 55
70 403 150 30 5 10 55
71 257 50 10 1.667 0 30
71 257 50 10 2.041 0 30
71 257 50 10 5 0 30
71 257 50 10 1.667 5 35
71 257 50 10 2.041 5 35
71 257 50 10 5 5 35
71 257 50 10 1.667 10 40
71 257 50 10 2.041 10 40
71 257 50 10 5 10 40
71 257 150 30 1.667 0 40
71 257 150 30 2.041 0 40
71 257 150 30 5 0 40
71 257 150 30 1.667 5 45
71 257 150 30 2.041 5 45
71 257 150 30 5 5 45
71 257 150 30 1.667 10 55
71 257 150 30 2.041 10 55
71 257 150 30 5 10 55
72 28 50 10 1.667 0 30
72 28 50 10 2.041 0 30
72 28 50 10 5 0 30
72 28 50 10 1.667 5 35
72 28 50 10 2.041 5 35
72 28 50 10 5 5 35
72 28 50 10 1.667 10 40
72 28 50 10 2.041 10 40
72 28 50 10 5 10 40
72 28 150 30 1.667 0 40
72 28 150 30 2.041 0 40
72 28 150 30 5 0 40
72 28 150 30 1.667 5 45
72 28 150 30 2.041 5 45
72 28 150 30 5 5 45
72 28 150 30 1.667 10 55
72 28 150 30 2.041 10 55
72 28 150 30 5 10 55
73 417 50 10 1.667 0 30
73 417 50 10 2.041 0 30
73 417 50 10 5 0 30
73 417 50 10 1.667 5 35
73 417 50 10 2.041 5 35
73 417 50 10 5 5 35
73 417 50 10 1.667 10 40
73 417 50 10 2.041 10 40
73 417 50 10 5 10 40
73 417 150 30 1.667 0 40
73 417 150 30 2.041 0 40
73 417 150 30 5 0 40
73 417 150 30 1.667 5 45
73 417 150 30 2.041 5 45
73 417 150 30 5 5 45
73 417 150 30 1.667 10 55
73 417 150 30 2.041 10 55
73 417 150 30 5 10 55
74 592 50 10 1.667 0 30
74 592 50 10 2.041 0 30
74 592 50 10 5 0 30
74 592 50 10 1.667 5 35
74 592 50 10 2.041 5 35
74 592 50 10 5 5 35
74 592 50 10 1.667 10 40
74 592 50 10 2.041 10 40
74 592 50 10 5 10 40
74 592 150 30 1.667 0 40
74 592 150 30 2.041 0 40
74 592 150 30 5 0 40
74 592 150 30 1.667 5 45
74 592 150 30 2.041 5 45
74 592 150 30 5 5 45
74 592 150 30 1.667 10 55
74 592 150 30 2.041 10 55
74 592 150 30 5 10 55
75 288 50 10 1.667 0 30
75 288 50 10 2.041 0 30
75 288 50 10 5 0 30
75 288 50 10 1.667 5 35
75 288 50 10 2.041 5 35
75 288 50 10 5 5 35
75 288 50 10 1.667 10 40
75 288 50 10 2.041 10 40
75 288 50 10 5 10 40
75 288 150 30 1.667 0 40
75 288 150 30 2.041 0 40
75 288 150 30 5 0 40
75 288 150 30 1.667 5 45
75 288 150 30 2.041 5 45
75 288 150 30 5 5 45
75 288 150 30 1.667 10 55
75 288 150 30 2.041 10 55
75 288 150 30 5 10 55
76 863 50 10 1.667 0 30
76 863 50 10 2.041 0 30
76 863 50 10 5 0 30
76 863 50 10 1.667 5 35
76 863 50 10 2.041 5 35
76 863 50 10 5 5 35
76 863 50 10 1.667 10 40
76 863 50 10 2.041 10 40
76 863 50 10 5 10 40
76 863 150 30 1.667 0 40
76 863 150 30 2.041 0 40
76 863 150 30 5 0 40
76 863 150 30 1.667 5 45
76 863 150 30 2.041 5 45
76 863 150 30 5 5 45
76 863 150 30 1.667 10 55
76 863 150 30 2.041 10 55
76 863 150 30 5 10 55
77 338 50 10 1.667 0 30
77 338 50 10 2.041 0 30
77 338 50 10 5 0 30
77 338 50 10 1.667 5 35
77 338 50 10 2.041 5 35
77 338 50 10 5 5 35
77 338 50 10 1.667 10 40
77 338 50 10 2.041 10 40
77 338 50 10 5 10 40
77 338 150 30 1.667 0 40
77 338 150 30 2.041 0 40
77 338 150 30 5 0 40
77 338 150 30 1.667 5 45
77 338 150 30 2.041 5 45
77 338 150 30 5 5 45
77 338 150 30 1.667 10 55
77 338 150 30 2.041 10 55
77 338 150 30 5 10 55
78 274 50 10 1.667 0 30
78 274 50 10 2.041 0 30
78 274 50 10 5 0 30
78 274 50 10 1.667 5 35
78 274 50 10 2.041 5 35
78 274 50 10 5 5 35
78 274 50 10 1.667 10 40
78 274 50 10 2.041 10 40
78 274 50 10 5 10 40
78 274 150 30 1.667 0 40
78 274 150 30 2.041 0 40
78 274 150 30 5 0 40
78 274 150 30 1.667 5 45
78 274 150 30 2.041 5 45
78 274 150 30 5 5 45
78 274 150 30 1.667 10 55
78 274 150 30 2.041 10 55
78 274 150 30 5 10 55
79 510 50 10 1.667 0 30
79 510 50 10 2.041 0 30
79 510 50 10 5 0 30
79 510 50 10 1.667 5 35
79 510 50 10 2.041 5 35
79 510 50 10 5 5 35
79 510 50 10 1.667 10 40
79 510 50 10 2.041 10 40
79 510 50 10 5 10 40
79 510 150 30 1.667 0 40
79 510 150 30 2.041 0 40
79 510 150 30 5 0 40
79 510 150 30 1.667 5 45
79 510 150 30 2.041 5 45
79 510 150 30 5 5 45
79 510 150 30 1.667 10 55
79 510 150 30 2.041 10 55
79 510 150 30 5 10 55
80 976 50 10 1.667 0 30
80 976 50 10 2.041 0 30
80 976 50 10 5 0 30
80 976 50 10 1.667 5 35
80 976 50 10 2.041 5 35
80 976 50 10 5 5 35
80 976 50 10 1.667 10 40
80 976 50 10 2.041 10 40
80 976 50 10 5 10 40
80 976 150 30 1.667 0 40
80 976 150 30 2.041 0 40
80 976 150 30 5 0 40
80 976 150 30 1.667 5 45
80 976 150 30 2.041 5 45
80 976 150 30 5 5 45
80 976 150 30 1.667 10 55
80 976 150 30 2.041 10 55
80 976 150 30 5 10 55
81 784 50 10 1.667 0 30
81 784 50 10 2.041 0 30
81 784 50 10 5 0 30
81 784 50 10 1.667 5 35
81 784 50 10 2.041 5 35
81 784 50 10 5 5 35
81 784 50 10 1.667 10 40
81 784 50 10 2.041 10 40
81 784 50 10 5 10 40
81 784 150 30 1.667 0 40
81 784 150 30 2.041 0 40
81 784 150 30 5 0 40
81 784 150 30 1.667 5 45
81 784 150 30 2.041 5 45
81 784 150 30 5 5 45
81 784 150 30 1.667 10 55
81 784 150 30 2.041 10 55
81 784 150 30 5 10 55
82 48 50 10 1.667 0 30
82 48 50 10 2.041 0 30
82 48 50 10 5 0 30
82 48 50 10 1.667 5 35
82 48 50 10 2.041 5 35
82 48 50 10 5 5 35
82 48 50 10 1.667 10 40
82 48 50 10 2.041 10 40
82 48 50 10 5 10 40
82 48 150 30 1.667 0 40
82 48 150 30 2.041 0 40
82 48 150 30 5 0 40
82 48 150 30 1.667 5 45
82 48 150 30 2.041 5 45
82 48 150 30 5 5 45
82 48 150 30 1.667 10 55
82 48 150 30 2.041 10 55
82 48 150 30 5 10 55
83 529 50 10 1.667 0 30
83 529 50 10 2.041 0 30
83 529 50 10 5 0 30
83 529 50 10 1.667 5 35
83 529 50 10 2.041 5 35
83 529 50 10 5 5 35
83 529 50 10 1.667 10 40
83 529 50 10 2.041 10 40
83 529 50 10 5 10 40
83 529 150 30 1.667 0 40
83 529 150 30 2.041 0 40
83 529 150 30 5 0 40
83 529 150 30 1.667 5 45
83 529 150 30 2.041 5 45
83 529 150 30 5 5 45
83 529 150 30 1.667 10 55
83 529 150 30 2.041 10 55
83 529 150 30 5 10 55
84 15 50 10 1.667 0 30
84 15 50 10 2.041 0 30
84 15 50 10 5 0 30
84 15 50 10 1.667 5 35
84 15 50 10 2.041 5 35
84 15 50 10 5 5 35
84 15 50 10 1.667 10 40
84 15 50 10 2.041 10 40
84 15 50 10 5 10 40
84 15 150 30 1.667 0 40
84 15 150 30 2.041 0 40
84 15 150 30 5 0 40
84 15 150 30 1.667 5 45
84 15 150 30 2.041 5 45
84 15 150 30 5 5 45
84 15 150 30 1.667 10 55
84 15 150 30 2.041 10 55
84 15 150 30 5 10 55
85 483 50 10 1.667 0 30
85 483 50 10 2.041 0 30
85 483 50 10 5 0 30
85 483 50 10 1.667 5 35
85 483 50 10 2.041 5 35
85 483 50 10 5 5 35
85 483 50 10 1.667 10 40
85 483 50 10 2.041 10 40
85 483 50 10 5 10 40
85 483 150 30 1.667 0 40
85 483 150 30 2.041 0 40
85 483 150 30 5 0 40
85 483 150 30 1.667 5 45
85 483 150 30 2.041 5 45
85 483 150 30 5 5 45
85 483 150 30 1.667 10 55
85 483 150 30 2.041 10 55
85 483 150 30 5 10 55
86 645 50 10 1.667 0 30
86 645 50 10 2.041 0 30
86 645 50 10 5 0 30
86 645 50 10 1.667 5 35
86 645 50 10 2.041 5 35
86 645 50 10 5 5 35
86 645 50 10 1.667 10 40
86 645 50 10 2.041 10 40
86 645 50 10 5 10 40
86 645 150 30 1.667 0 40
86 645 150 30 2.041 0 40
86 645 150 30 5 0 40
86 645 150 30 1.667 5 45
86 645 150 30 2.041 5 45
86 645 150 30 5 5 45
86 645 150 30 1.667 10 55
86 645 150 30 2.041 10 55
86 645 150 30 5 10 55
87 791 50 10 1.667 0 30
87 791 50 10 2.041 0 30
87 791 50 10 5 0 30
87 791 50 10 1.667 5 35
87 791 50 10 2.041 5 35
87 791 50 10 5 5 35
87 791 50 10 1.667 10 40
87 791 50 10 2.041 10 40
87 791 50 10 5 10 40
87 791 150 30 1.667 0 40
87 791 150 30 2.041 0 40
87 791 150 30 5 0 40
87 791 150 30 1.667 5 45
87 791 150 30 2.041 5 45
87 791 150 30 5 5 45
87 791 150 30 1.667 10 55
87 791 150 30 2.041 10 55
87 791 150 30 5 10 55
88 882 50 10 1.667 0 30
88 882 50 10 2.041 0 30
88 882 50 10 5 0 30
88 882 50 10 1.667 5 35
88 882 50 10 2.041 5 35
88 882 50 10 5 5 35
88 882 50 10 1.667 10 40
88 882 50 10 2.041 10 40
88 882 50 10 5 10 40
88 882 150 30 1.667 0 40
88 882 150 30 2.041 0 40
88 882 150 30 5 0 40
88 882 150 30 1.667 5 45
88 882 150 30 2.041 5 45
88 882 150 30 5 5 45
88 882 150 30 1.667 10 55
88 882 150 30 2.041 10 55
88 882 150 30 5 10 55
89 101 50 10 1.667 0 30
89 101 50 10 2.041 0 30
89 101 50 10 5 0 30
89 101 50 10 1.667 5 35
89 101 50 10 2.041 5 35
89 101 50 10 5 5 35
89 101 50 10 1.667 10 40
89 101 50 10 2.041 10 40
89 101 50 10 5 10 40
89 101 150 30 1.667 0 40
89 101 150 30 2.041 0 40
89 101 150 30 5 0 40
89 101 150 30 1.667 5 45
89 101 150 30 2.041 5 45
89 101 150 30 5 5 45
89 101 150 30 1.667 10 55
89 101 150 30 2.041 10 55
89 101 150 30 5 10 55
90 340 50 10 1.667 0 30
90 340 50 10 2.041 0 30
90 340 50 10 5 0 30
90 340 50 10 1.667 5 35
90 340 50 10 2.041 5 35
90 340 50 10 5 5 35
90 340 50 10 1.667 10 40
90 340 50 10 2.041 10 40
90 340 50 10 5 10 40
90 340 150 30 1.667 0 40
90 340 150 30 2.041 0 40
90 340 150 30 5 0 40
90 340 150 30 1.667 5 45
90 340 150 30 2.041 5 45
90 340 150 30 5 5 45
90 340 150 30 1.667 10 55
90 340 150 30 2.041 10 55
90 340 150 30 5 10 55
91 62 50 10 1.667 0 30
91 62 50 10 2.041 0 30
91 62 50 10 5 0 30
91 62 50 10 1.667 5 35
91 62 50 10 2.041 5 35
91 62 50 10 5 5 35
91 62 50 10 1.667 10 40
91 62 50 10 2.041 10 40
91 62 50 10 5 10 40
91 62 150 30 1.667 0 40
91 62 150 30 2.041 0 40
91 62 150 30 5 0 40
91 62 150 30 1.667 5 45
91 62 150 30 2.041 5 45
91 62 150 30 5 5 45
91 62 150 30 1.667 10 55
91 62 150 30 2.041 10 55
91 62 150 30 5 10 55
92 751 50 10 1.667 0 30
92 751 50 10 2.041 0 30
92 751 50 10 5 0 30
92 751 50 10 1.667 5 35
92 751 50 10 2.041 5 35
92 751 50 10 5 5 35
92 751 50 10 1.667 10 40
92 751 50 10 2.041 10 40
92 751 50 10 5 10 40
92 751 150 30 1.667 0 40
92 751 150 30 2.041 0 40
92 751 150 30 5 0 40
92 751 150 30 1.667 5 45
92 751 150 30 2.041 5 45
92 751 150 30 5 5 45
92 751 150 30 1.667 10 55
92 751 150 30 2.041 10 55
92 751 150 30 5 10 55
93 610 50 10 1.667 0 30
93 610 50 10 2.041 0 30
93 610 50 10 5 0 30
93 610 50 10 1.667 5 35
93 610 50 10 2.041 5 35
93 610 50 10 5 5 35
93 610 50 10 1.667 10 40
93 610 50 10 2.041 10 40
93 610 50 10 5 10 40
93 610 150 30 1.667 0 40
93 610 150 30 2.041 0 40
93 610 150 30 5 0 40
93 610 150 30 1.667 5 45
93 610 150 30 2.041 5 45
93 610 150 30 5 5 45
93 610 150 30 1.667 10 55
93 610 150 30 2.041 10 55
93 610 150 30 5 10 55
94 831 50 10 1.667 0 30
94 831 50 10 2.041 0 30
94 831 50 10 5 0 30
94 831 50 10 1.667 5 35
94 831 50 10 2.041 5 35
94 831 50 10 5 5 35
94 831 50 10 1.667 10 40
94 831 50 10 2.041 10 40
94 831 50 10 5 10 40
94 831 150 30 1.667 0 40
94 831 150 30 2.041 0 40
94 831 150 30 5 0 40
94 831 150 30 1.667 5 45
94 831 150 30 2.041 5 45
94 831 150 30 5 5 45
94 831 150 30 1.667 10 55
94 831 150 30 2.041 10 55
94 831 150 30 5 10 55
95 550 50 10 1.667 0 30
95 550 50 10 2.041 0 30
95 550 50 10 5 0 30
95 550 50 10 1.667 5 35
95 550 50 10 2.041 5 35
95 550 50 10 5 5 35
95 550 50 10 1.667 10 40
95 550 50 10 2.041 10 40
95 550 50 10 5 10 40
95 550 150 30 1.667 0 40
95 550 150 30 2.041 0 40
95 550 150 30 5 0 40
95 550 150 30 1.667 5 45
95 550 150 30 2.041 5 45
95 550 150 30 5 5 45
95 550 150 30 1.667 10 55
95 550 150 30 2.041 10 55
95 550 150 30 5 10 55
96 394 50 10 1.667 0 30
96 394 50 10 2.041 0 30
96 394 50 10 5 0 30
96 394 50 10 1.667 5 35
96 394 50 10 2.041 5 35
96 394 50 10 5 5 35
96 394 50 10 1.667 10 40
96 394 50 10 2.041 10 40
96 394 50 10 5 10 40
96 394 150 30 1.667 0 40
96 394 150 30 2.041 0 40
96 394 150 30 5 0 40
96 394 150 30 1.667 5 45
96 394 150 30 2.041 5 45
96 394 150 30 5 5 45
96 394 150 30 1.667 10 55
96 394 150 30 2.041 10 55
96 394 150 30 5 10 55
97 55 50 10 1.667 0 30
97 55 50 10 2.041 0 30
97 55 50 10 5 0 30
97 55 50 10 1.667 5 35
97 55 50 10 2.041 5 35
97 55 50 10 5 5 35
97 55 50 10 1.667 10 40
97 55 50 10 2.041 10 40
97 55 50 10 5 10 40
97 55 150 30 1.667 0 40
97 55 150 30 2.041 0 40
97 55 150 30 5 0 40
97 55 150 30 1.667 5 45
97 55 150 30 2.041 5 45
97 55 150 30 5 5 45
97 55 150 30 1.667 10 55
97 55 150 30 2.041 10 55
97 55 150 30 5 10 55
98 762 50 10 1.667 0 30
98 762 50 10 2.041 0 30
98 762 50 10 5 0 30
98 762 50 10 1.667 5 35
98 762 50 10 2.041 5 35
98 762 50 10 5 5 35
98 762 50 10 1.667 10 40
98 762 50 10 2.041 10 40
98 762 50 10 5 10 40
98 762 150 30 1.667 0 40
98 762 150 30 2.041 0 40
98 762 150 30 5 0 40
98 762 150 30 1.667 5 45
98 762 150 30 2.041 5 45
98 762 150 30 5 5 45
98 762 150 30 1.667 10 55
98 762 150 30 2.041 10 55
98 762 150 30 5 10 55
99 818 50 10 1.667 0 30
99 818 50 10 2.041 0 30
99 818 50 10 5 0 30
99 818 50 10 1.667 5 35
99 818 50 10 2.041 5 35
99 818 50 10 5 5 35
99 818 50 10 1.667 10 40
99 818 50 10 2.041 10 40
99 818 50 10 5 10 40
99 818 150 30 1.667 0 40
99 818 150 30 2.041 0 40
99 818 150 30 5 0 40
99 818 150 30 1.667 5 45
99 818 150 30 2.041 5 45
99 818 150 30 5 5 45
99 818 150 30 1.667 10 55
99 818 150 30 2.041 10 55
99 818 150 30 5 10 55
100 642 50 10 1.667 0 30
100 642 50 10 2.041 0 30
100 642 50 10 5 0 30
100 642 50 10 1.667 5 35
100 642 50 10 2.041 5 35
100 642 50 10 5 5 35
100 642 50 10 1.667 10 40
100 642 50 10 2.041 10 40
100 642 50 10 5 10 40
100 642 150 30 1.667 0 40
100 642 150 30 2.041 0 40
100 642 150 30 5 0 40
100 642 150 30 1.667 5 45
100 642 150 30 2.041 5 45
100 642 150 30 5 5 45
100 642 150 30 1.667 10 55
100 642 150 30 2.041 10 55
100 642 150 30 5 10 55
