1 89 50 10 0.1 0 35
1 89 50 10 0.2 0 35
1 89 50 10 0.3 0 35
1 89 50 10 0.1 5 35
1 89 50 10 0.2 5 35
1 89 50 10 0.3 5 35
2 331 50 10 0.1 0 35
2 331 50 10 0.2 0 35
2 331 50 10 0.3 0 35
2 331 50 10 0.1 5 35
2 331 50 10 0.2 5 35
2 331 50 10 0.3 5 35
3 628 50 10 0.1 0 35
3 628 50 10 0.2 0 35
3 628 50 10 0.3 0 35
3 628 50 10 0.1 5 35
3 628 50 10 0.2 5 35
3 628 50 10 0.3 5 35
4 958 50 10 0.1 0 35
4 958 50 10 0.2 0 35
4 958 50 10 0.3 0 35
4 958 50 10 0.1 5 35
4 958 50 10 0.2 5 35
4 958 50 10 0.3 5 35
5 619 50 10 0.1 0 35
5 619 50 10 0.2 0 35
5 619 50 10 0.3 0 35
5 619 50 10 0.1 5 35
5 619 50 10 0.2 5 35
5 619 50 10 0.3 5 35
6 41 50 10 0.1 0 35
6 41 50 10 0.2 0 35
6 41 50 10 0.3 0 35
6 41 50 10 0.1 5 35
6 41 50 10 0.2 5 35
6 41 50 10 0.3 5 35
7 216 50 10 0.1 0 35
7 216 50 10 0.2 0 35
7 216 50 10 0.3 0 35
7 216 50 10 0.1 5 35
7 216 50 10 0.2 5 35
7 216 50 10 0.3 5 35
8 960 50 10 0.1 0 35
8 960 50 10 0.2 0 35
8 960 50 10 0.3 0 35
8 960 50 10 0.1 5 35
8 960 50 10 0.2 5 35
8 960 50 10 0.3 5 35
9 137 50 10 0.1 0 35
9 137 50 10 0.2 0 35
9 137 50 10 0.3 0 35
9 137 50 10 0.1 5 35
9 137 50 10 0.2 5 35
9 137 50 10 0.3 5 35
10 63 50 10 0.1 0 35
10 63 50 10 0.2 0 35
10 63 50 10 0.3 0 35
10 63 50 10 0.1 5 35
10 63 50 10 0.2 5 35
10 63 50 10 0.3 5 35
11 435 50 10 0.1 0 35
11 435 50 10 0.2 0 35
11 435 50 10 0.3 0 35
11 435 50 10 0.1 5 35
11 435 50 10 0.2 5 35
11 435 50 10 0.3 5 35
12 140 50 10 0.1 0 35
12 140 50 10 0.2 0 35
12 140 50 10 0.3 0 35
12 140 50 10 0.1 5 35
12 140 50 10 0.2 5 35
12 140 50 10 0.3 5 35
13 442 50 10 0.1 0 35
13 442 50 10 0.2 0 35
13 442 50 10 0.3 0 35
13 442 50 10 0.1 5 35
13 442 50 10 0.2 5 35
13 442 50 10 0.3 5 35
14 262 50 10 0.1 0 35
14 262 50 10 0.2 0 35
14 262 50 10 0.3 0 35
14 262 50 10 0.1 5 35
14 262 50 10 0.2 5 35
14 262 50 10 0.3 5 35
15 65 50 10 0.1 0 35
15 65 50 10 0.2 0 35
15 65 50 10 0.3 0 35
15 65 50 10 0.1 5 35
15 65 50 10 0.2 5 35
15 65 50 10 0.3 5 35
16 253 50 10 0.1 0 35
16 253 50 10 0.2 0 35
16 253 50 10 0.3 0 35
16 253 50 10 0.1 5 35
16 253 50 10 0.2 5 35
16 253 50 10 0.3 5 35
17 678 50 10 0.1 0 35
17 678 50 10 0.2 0 35
17 678 50 10 0.3 0 35
17 678 50 10 0.1 5 35
17 678 50 10 0.2 5 35
17 678 50 10 0.3 5 35
18 274 50 10 0.1 0 35
18 274 50 10 0.2 0 35
18 274 50 10 0.3 0 35
18 274 50 10 0.1 5 35
18 274 50 10 0.2 5 35
18 274 50 10 0.3 5 35
19 19 50 10 0.1 0 35
19 19 50 10 0.2 0 35
19 19 50 10 0.3 0 35
19 19 50 10 0.1 5 35
19 19 50 10 0.2 5 35
19 19 50 10 0.3 5 35
20 380 50 10 0.1 0 35
20 380 50 10 0.2 0 35
20 380 50 10 0.3 0 35
20 380 50 10 0.1 5 35
20 380 50 10 0.2 5 35
20 380 50 10 0.3 5 35
21 581 50 10 0.1 0 35
21 581 50 10 0.2 0 35
21 581 50 10 0.3 0 35
21 581 50 10 0.1 5 35
21 581 50 10 0.2 5 35
21 581 50 10 0.3 5 35
22 558 50 10 0.1 0 35
22 558 50 10 0.2 0 35
22 558 50 10 0.3 0 35
22 558 50 10 0.1 5 35
22 558 50 10 0.2 5 35
22 558 50 10 0.3 5 35
23 513 50 10 0.1 0 35
23 513 50 10 0.2 0 35
23 513 50 10 0.3 0 35
23 513 50 10 0.1 5 35
23 513 50 10 0.2 5 35
23 513 50 10 0.3 5 35
24 744 50 10 0.1 0 35
24 744 50 10 0.2 0 35
24 744 50 10 0.3 0 35
24 744 50 10 0.1 5 35
24 744 50 10 0.2 5 35
24 744 50 10 0.3 5 35
25 564 50 10 0.1 0 35
25 564 50 10 0.2 0 35
25 564 50 10 0.3 0 35
25 564 50 10 0.1 5 35
25 564 50 10 0.2 5 35
25 564 50 10 0.3 5 35
26 675 50 10 0.1 0 35
26 675 50 10 0.2 0 35
26 675 50 10 0.3 0 35
26 675 50 10 0.1 5 35
26 675 50 10 0.2 5 35
26 675 50 10 0.3 5 35
27 437 50 10 0.1 0 35
27 437 50 10 0.2 0 35
27 437 50 10 0.3 0 35
27 437 50 10 0.1 5 35
27 437 50 10 0.2 5 35
27 437 50 10 0.3 5 35
28 867 50 10 0.1 0 35
28 867 50 10 0.2 0 35
28 867 50 10 0.3 0 35
28 867 50 10 0.1 5 35
28 867 50 10 0.2 5 35
28 867 50 10 0.3 5 35
29 204 50 10 0.1 0 35
29 204 50 10 0.2 0 35
29 204 50 10 0.3 0 35
29 204 50 10 0.1 5 35
29 204 50 10 0.2 5 35
29 204 50 10 0.3 5 35
10 959 50 10 0.1 0 35
10 959 50 10 0.2 0 35
10 959 50 10 0.3 0 35
10 959 50 10 0.1 5 35
10 959 50 10 0.2 5 35
10 959 50 10 0.3 5 35
31 881 50 10 0.1 0 35
31 881 50 10 0.2 0 35
31 881 50 10 0.3 0 35
31 881 50 10 0.1 5 35
31 881 50 10 0.2 5 35
31 881 50 10 0.3 5 35
32 590 50 10 0.1 0 35
32 590 50 10 0.2 0 35
32 590 50 10 0.3 0 35
32 590 50 10 0.1 5 35
32 590 50 10 0.2 5 35
32 590 50 10 0.3 5 35
33 11 50 10 0.1 0 35
33 11 50 10 0.2 0 35
33 11 50 10 0.3 0 35
33 11 50 10 0.1 5 35
33 11 50 10 0.2 5 35
33 11 50 10 0.3 5 35
34 308 50 10 0.1 0 35
34 308 50 10 0.2 0 35
34 308 50 10 0.3 0 35
34 308 50 10 0.1 5 35
34 308 50 10 0.2 5 35
34 308 50 10 0.3 5 35
35 209 50 10 0.1 0 35
35 209 50 10 0.2 0 35
35 209 50 10 0.3 0 35
35 209 50 10 0.1 5 35
35 209 50 10 0.2 5 35
35 209 50 10 0.3 5 35
36 966 50 10 0.1 0 35
36 966 50 10 0.2 0 35
36 966 50 10 0.3 0 35
36 966 50 10 0.1 5 35
36 966 50 10 0.2 5 35
36 966 50 10 0.3 5 35
37 58 50 10 0.1 0 35
37 58 50 10 0.2 0 35
37 58 50 10 0.3 0 35
37 58 50 10 0.1 5 35
37 58 50 10 0.2 5 35
37 58 50 10 0.3 5 35
38 735 50 10 0.1 0 35
38 735 50 10 0.2 0 35
38 735 50 10 0.3 0 35
38 735 50 10 0.1 5 35
38 735 50 10 0.2 5 35
38 735 50 10 0.3 5 35
39 419 50 10 0.1 0 35
39 419 50 10 0.2 0 35
39 419 50 10 0.3 0 35
39 419 50 10 0.1 5 35
39 419 50 10 0.2 5 35
39 419 50 10 0.3 5 35
40 361 50 10 0.1 0 35
40 361 50 10 0.2 0 35
40 361 50 10 0.3 0 35
40 361 50 10 0.1 5 35
40 361 50 10 0.2 5 35
40 361 50 10 0.3 5 35
41 878 50 10 0.1 0 35
41 878 50 10 0.2 0 35
41 878 50 10 0.3 0 35
41 878 50 10 0.1 5 35
41 878 50 10 0.2 5 35
41 878 50 10 0.3 5 35
42 390 50 10 0.1 0 35
42 390 50 10 0.2 0 35
42 390 50 10 0.3 0 35
42 390 50 10 0.1 5 35
42 390 50 10 0.2 5 35
42 390 50 10 0.3 5 35
43 762 50 10 0.1 0 35
43 762 50 10 0.2 0 35
43 762 50 10 0.3 0 35
43 762 50 10 0.1 5 35
43 762 50 10 0.2 5 35
43 762 50 10 0.3 5 35
44 945 50 10 0.1 0 35
44 945 50 10 0.2 0 35
44 945 50 10 0.3 0 35
44 945 50 10 0.1 5 35
44 945 50 10 0.2 5 35
44 945 50 10 0.3 5 35
35 321 50 10 0.1 0 35
35 321 50 10 0.2 0 35
35 321 50 10 0.3 0 35
35 321 50 10 0.1 5 35
35 321 50 10 0.2 5 35
35 321 50 10 0.3 5 35
46 863 50 10 0.1 0 35
46 863 50 10 0.2 0 35
46 863 50 10 0.3 0 35
46 863 50 10 0.1 5 35
46 863 50 10 0.2 5 35
46 863 50 10 0.3 5 35
47 962 50 10 0.1 0 35
47 962 50 10 0.2 0 35
47 962 50 10 0.3 0 35
47 962 50 10 0.1 5 35
47 962 50 10 0.2 5 35
47 962 50 10 0.3 5 35
48 998 50 10 0.1 0 35
48 998 50 10 0.2 0 35
48 998 50 10 0.3 0 35
48 998 50 10 0.1 5 35
48 998 50 10 0.2 5 35
48 998 50 10 0.3 5 35
49 904 50 10 0.1 0 35
49 904 50 10 0.2 0 35
49 904 50 10 0.3 0 35
49 904 50 10 0.1 5 35
49 904 50 10 0.2 5 35
49 904 50 10 0.3 5 35
50 240 50 10 0.1 0 35
50 240 50 10 0.2 0 35
50 240 50 10 0.3 0 35
50 240 50 10 0.1 5 35
50 240 50 10 0.2 5 35
50 240 50 10 0.3 5 35
51 639 50 10 0.1 0 35
51 639 50 10 0.2 0 35
51 639 50 10 0.3 0 35
51 639 50 10 0.1 5 35
51 639 50 10 0.2 5 35
51 639 50 10 0.3 5 35
52 334 50 10 0.1 0 35
52 334 50 10 0.2 0 35
52 334 50 10 0.3 0 35
52 334 50 10 0.1 5 35
52 334 50 10 0.2 5 35
52 334 50 10 0.3 5 35
53 78 50 10 0.1 0 35
53 78 50 10 0.2 0 35
53 78 50 10 0.3 0 35
53 78 50 10 0.1 5 35
53 78 50 10 0.2 5 35
53 78 50 10 0.3 5 35
54 97 50 10 0.1 0 35
54 97 50 10 0.2 0 35
54 97 50 10 0.3 0 35
54 97 50 10 0.1 5 35
54 97 50 10 0.2 5 35
54 97 50 10 0.3 5 35
55 618 50 10 0.1 0 35
55 618 50 10 0.2 0 35
55 618 50 10 0.3 0 35
55 618 50 10 0.1 5 35
55 618 50 10 0.2 5 35
55 618 50 10 0.3 5 35
56 891 50 10 0.1 0 35
56 891 50 10 0.2 0 35
56 891 50 10 0.3 0 35
56 891 50 10 0.1 5 35
56 891 50 10 0.2 5 35
56 891 50 10 0.3 5 35
57 677 50 10 0.1 0 35
57 677 50 10 0.2 0 35
57 677 50 10 0.3 0 35
57 677 50 10 0.1 5 35
57 677 50 10 0.2 5 35
57 677 50 10 0.3 5 35
58 657 50 10 0.1 0 35
58 657 50 10 0.2 0 35
58 657 50 10 0.3 0 35
58 657 50 10 0.1 5 35
58 657 50 10 0.2 5 35
58 657 50 10 0.3 5 35
59 49 50 10 0.1 0 35
59 49 50 10 0.2 0 35
59 49 50 10 0.3 0 35
59 49 50 10 0.1 5 35
59 49 50 10 0.2 5 35
59 49 50 10 0.3 5 35
60 612 50 10 0.1 0 35
60 612 50 10 0.2 0 35
60 612 50 10 0.3 0 35
60 612 50 10 0.1 5 35
60 612 50 10 0.2 5 35
60 612 50 10 0.3 5 35
61 963 50 10 0.1 0 35
61 963 50 10 0.2 0 35
61 963 50 10 0.3 0 35
61 963 50 10 0.1 5 35
61 963 50 10 0.2 5 35
61 963 50 10 0.3 5 35
62 909 50 10 0.1 0 35
62 909 50 10 0.2 0 35
62 909 50 10 0.3 0 35
62 909 50 10 0.1 5 35
62 909 50 10 0.2 5 35
62 909 50 10 0.3 5 35
63 233 50 10 0.1 0 35
63 233 50 10 0.2 0 35
63 233 50 10 0.3 0 35
63 233 50 10 0.1 5 35
63 233 50 10 0.2 5 35
63 233 50 10 0.3 5 35
64 174 50 10 0.1 0 35
64 174 50 10 0.2 0 35
64 174 50 10 0.3 0 35
64 174 50 10 0.1 5 35
64 174 50 10 0.2 5 35
64 174 50 10 0.3 5 35
65 126 50 10 0.1 0 35
65 126 50 10 0.2 0 35
65 126 50 10 0.3 0 35
65 126 50 10 0.1 5 35
65 126 50 10 0.2 5 35
65 126 50 10 0.3 5 35
66 186 50 10 0.1 0 35
66 186 50 10 0.2 0 35
66 186 50 10 0.3 0 35
66 186 50 10 0.1 5 35
66 186 50 10 0.2 5 35
66 186 50 10 0.3 5 35
67 344 50 10 0.1 0 35
67 344 50 10 0.2 0 35
67 344 50 10 0.3 0 35
67 344 50 10 0.1 5 35
67 344 50 10 0.2 5 35
67 344 50 10 0.3 5 35
68 359 50 10 0.1 0 35
68 359 50 10 0.2 0 35
68 359 50 10 0.3 0 35
68 359 50 10 0.1 5 35
68 359 50 10 0.2 5 35
68 359 50 10 0.3 5 35
69 527 50 10 0.1 0 35
69 527 50 10 0.2 0 35
69 527 50 10 0.3 0 35
69 527 50 10 0.1 5 35
69 527 50 10 0.2 5 35
69 527 50 10 0.3 5 35
70 432 50 10 0.1 0 35
70 432 50 10 0.2 0 35
70 432 50 10 0.3 0 35
70 432 50 10 0.1 5 35
70 432 50 10 0.2 5 35
70 432 50 10 0.3 5 35
71 968 50 10 0.1 0 35
71 968 50 10 0.2 0 35
71 968 50 10 0.3 0 35
71 968 50 10 0.1 5 35
71 968 50 10 0.2 5 35
71 968 50 10 0.3 5 35
72 714 50 10 0.1 0 35
72 714 50 10 0.2 0 35
72 714 50 10 0.3 0 35
72 714 50 10 0.1 5 35
72 714 50 10 0.2 5 35
72 714 50 10 0.3 5 35
73 37 50 10 0.1 0 35
73 37 50 10 0.2 0 35
73 37 50 10 0.3 0 35
73 37 50 10 0.1 5 35
73 37 50 10 0.2 5 35
73 37 50 10 0.3 5 35
74 573 50 10 0.1 0 35
74 573 50 10 0.2 0 35
74 573 50 10 0.3 0 35
74 573 50 10 0.1 5 35
74 573 50 10 0.2 5 35
74 573 50 10 0.3 5 35
75 544 50 10 0.1 0 35
75 544 50 10 0.2 0 35
75 544 50 10 0.3 0 35
75 544 50 10 0.1 5 35
75 544 50 10 0.2 5 35
75 544 50 10 0.3 5 35
76 178 50 10 0.1 0 35
76 178 50 10 0.2 0 35
76 178 50 10 0.3 0 35
76 178 50 10 0.1 5 35
76 178 50 10 0.2 5 35
76 178 50 10 0.3 5 35
77 48 50 10 0.1 0 35
77 48 50 10 0.2 0 35
77 48 50 10 0.3 0 35
77 48 50 10 0.1 5 35
77 48 50 10 0.2 5 35
77 48 50 10 0.3 5 35
78 106 50 10 0.1 0 35
78 106 50 10 0.2 0 35
78 106 50 10 0.3 0 35
78 106 50 10 0.1 5 35
78 106 50 10 0.2 5 35
78 106 50 10 0.3 5 35
79 175 50 10 0.1 0 35
79 175 50 10 0.2 0 35
79 175 50 10 0.3 0 35
79 175 50 10 0.1 5 35
79 175 50 10 0.2 5 35
79 175 50 10 0.3 5 35
80 828 50 10 0.1 0 35
80 828 50 10 0.2 0 35
80 828 50 10 0.3 0 35
80 828 50 10 0.1 5 35
80 828 50 10 0.2 5 35
80 828 50 10 0.3 5 35
81 754 50 10 0.1 0 35
81 754 50 10 0.2 0 35
81 754 50 10 0.3 0 35
81 754 50 10 0.1 5 35
81 754 50 10 0.2 5 35
81 754 50 10 0.3 5 35
82 511 50 10 0.1 0 35
82 511 50 10 0.2 0 35
82 511 50 10 0.3 0 35
82 511 50 10 0.1 5 35
82 511 50 10 0.2 5 35
82 511 50 10 0.3 5 35
83 576 50 10 0.1 0 35
83 576 50 10 0.2 0 35
83 576 50 10 0.3 0 35
83 576 50 10 0.1 5 35
83 576 50 10 0.2 5 35
83 576 50 10 0.3 5 35
84 584 50 10 0.1 0 35
84 584 50 10 0.2 0 35
84 584 50 10 0.3 0 35
84 584 50 10 0.1 5 35
84 584 50 10 0.2 5 35
84 584 50 10 0.3 5 35
85 462 50 10 0.1 0 35
85 462 50 10 0.2 0 35
85 462 50 10 0.3 0 35
85 462 50 10 0.1 5 35
85 462 50 10 0.2 5 35
85 462 50 10 0.3 5 35
86 198 50 10 0.1 0 35
86 198 50 10 0.2 0 35
86 198 50 10 0.3 0 35
86 198 50 10 0.1 5 35
86 198 50 10 0.2 5 35
86 198 50 10 0.3 5 35
87 702 50 10 0.1 0 35
87 702 50 10 0.2 0 35
87 702 50 10 0.3 0 35
87 702 50 10 0.1 5 35
87 702 50 10 0.2 5 35
87 702 50 10 0.3 5 35
88 742 50 10 0.1 0 35
88 742 50 10 0.2 0 35
88 742 50 10 0.3 0 35
88 742 50 10 0.1 5 35
88 742 50 10 0.2 5 35
88 742 50 10 0.3 5 35
89 647 50 10 0.1 0 35
89 647 50 10 0.2 0 35
89 647 50 10 0.3 0 35
89 647 50 10 0.1 5 35
89 647 50 10 0.2 5 35
89 647 50 10 0.3 5 35
90 873 50 10 0.1 0 35
90 873 50 10 0.2 0 35
90 873 50 10 0.3 0 35
90 873 50 10 0.1 5 35
90 873 50 10 0.2 5 35
90 873 50 10 0.3 5 35
91 302 50 10 0.1 0 35
91 302 50 10 0.2 0 35
91 302 50 10 0.3 0 35
91 302 50 10 0.1 5 35
91 302 50 10 0.2 5 35
91 302 50 10 0.3 5 35
92 846 50 10 0.1 0 35
92 846 50 10 0.2 0 35
92 846 50 10 0.3 0 35
92 846 50 10 0.1 5 35
92 846 50 10 0.2 5 35
92 846 50 10 0.3 5 35
93 339 50 10 0.1 0 35
93 339 50 10 0.2 0 35
93 339 50 10 0.3 0 35
93 339 50 10 0.1 5 35
93 339 50 10 0.2 5 35
93 339 50 10 0.3 5 35
94 852 50 10 0.1 0 35
94 852 50 10 0.2 0 35
94 852 50 10 0.3 0 35
94 852 50 10 0.1 5 35
94 852 50 10 0.2 5 35
94 852 50 10 0.3 5 35
95 724 50 10 0.1 0 35
95 724 50 10 0.2 0 35
95 724 50 10 0.3 0 35
95 724 50 10 0.1 5 35
95 724 50 10 0.2 5 35
95 724 50 10 0.3 5 35
96 992 50 10 0.1 0 35
96 992 50 10 0.2 0 35
96 992 50 10 0.3 0 35
96 992 50 10 0.1 5 35
96 992 50 10 0.2 5 35
96 992 50 10 0.3 5 35
97 908 50 10 0.1 0 35
97 908 50 10 0.2 0 35
97 908 50 10 0.3 0 35
97 908 50 10 0.1 5 35
97 908 50 10 0.2 5 35
97 908 50 10 0.3 5 35
98 680 50 10 0.1 0 35
98 680 50 10 0.2 0 35
98 680 50 10 0.3 0 35
98 680 50 10 0.1 5 35
98 680 50 10 0.2 5 35
98 680 50 10 0.3 5 35
99 391 50 10 0.1 0 35
99 391 50 10 0.2 0 35
99 391 50 10 0.3 0 35
99 391 50 10 0.1 5 35
99 391 50 10 0.2 5 35
99 391 50 10 0.3 5 35
100 870 50 10 0.1 0 35
100 870 50 10 0.2 0 35
100 870 50 10 0.3 0 35
100 870 50 10 0.1 5 35
100 870 50 10 0.2 5 35
100 870 50 10 0.3 5 35
