1 248 150 30 0.1 0
1 248 150 30 0.2 0
1 248 150 30 0.3 0
1 248 150 30 0.1 1
1 248 150 30 0.2 1
1 248 150 30 0.3 1
1 248 150 30 0.1 5
1 248 150 30 0.2 5
1 248 150 30 0.3 5
1 248 50 10 0.1 0
1 248 50 10 0.2 0
1 248 50 10 0.3 0
1 248 50 10 0.1 1
1 248 50 10 0.2 1
1 248 50 10 0.3 1
1 248 50 10 0.1 5
1 248 50 10 0.2 5
1 248 50 10 0.3 5
2 989 150 30 0.1 0
2 989 150 30 0.2 0
2 989 150 30 0.3 0
2 989 150 30 0.1 1
2 989 150 30 0.2 1
2 989 150 30 0.3 1
2 989 150 30 0.1 5
2 989 150 30 0.2 5
2 989 150 30 0.3 5
2 989 50 10 0.1 0
2 989 50 10 0.2 0
2 989 50 10 0.3 0
2 989 50 10 0.1 1
2 989 50 10 0.2 1
2 989 50 10 0.3 1
2 989 50 10 0.1 5
2 989 50 10 0.2 5
2 989 50 10 0.3 5
3 919 150 30 0.1 0
3 919 150 30 0.2 0
3 919 150 30 0.3 0
3 919 150 30 0.1 1
3 919 150 30 0.2 1
3 919 150 30 0.3 1
3 919 150 30 0.1 5
3 919 150 30 0.2 5
3 919 150 30 0.3 5
3 919 50 10 0.1 0
3 919 50 10 0.2 0
3 919 50 10 0.3 0
3 919 50 10 0.1 1
3 919 50 10 0.2 1
3 919 50 10 0.3 1
3 919 50 10 0.1 5
3 919 50 10 0.2 5
3 919 50 10 0.3 5
4 397 150 30 0.1 0
4 397 150 30 0.2 0
4 397 150 30 0.3 0
4 397 150 30 0.1 1
4 397 150 30 0.2 1
4 397 150 30 0.3 1
4 397 150 30 0.1 5
4 397 150 30 0.2 5
4 397 150 30 0.3 5
4 397 50 10 0.1 0
4 397 50 10 0.2 0
4 397 50 10 0.3 0
4 397 50 10 0.1 1
4 397 50 10 0.2 1
4 397 50 10 0.3 1
4 397 50 10 0.1 5
4 397 50 10 0.2 5
4 397 50 10 0.3 5
5 701 150 30 0.1 0
5 701 150 30 0.2 0
5 701 150 30 0.3 0
5 701 150 30 0.1 1
5 701 150 30 0.2 1
5 701 150 30 0.3 1
5 701 150 30 0.1 5
5 701 150 30 0.2 5
5 701 150 30 0.3 5
5 701 50 10 0.1 0
5 701 50 10 0.2 0
5 701 50 10 0.3 0
5 701 50 10 0.1 1
5 701 50 10 0.2 1
5 701 50 10 0.3 1
5 701 50 10 0.1 5
5 701 50 10 0.2 5
5 701 50 10 0.3 5
6 952 150 30 0.1 0
6 952 150 30 0.2 0
6 952 150 30 0.3 0
6 952 150 30 0.1 1
6 952 150 30 0.2 1
6 952 150 30 0.3 1
6 952 150 30 0.1 5
6 952 150 30 0.2 5
6 952 150 30 0.3 5
6 952 50 10 0.1 0
6 952 50 10 0.2 0
6 952 50 10 0.3 0
6 952 50 10 0.1 1
6 952 50 10 0.2 1
6 952 50 10 0.3 1
6 952 50 10 0.1 5
6 952 50 10 0.2 5
6 952 50 10 0.3 5
7 969 150 30 0.1 0
7 969 150 30 0.2 0
7 969 150 30 0.3 0
7 969 150 30 0.1 1
7 969 150 30 0.2 1
7 969 150 30 0.3 1
7 969 150 30 0.1 5
7 969 150 30 0.2 5
7 969 150 30 0.3 5
7 969 50 10 0.1 0
7 969 50 10 0.2 0
7 969 50 10 0.3 0
7 969 50 10 0.1 1
7 969 50 10 0.2 1
7 969 50 10 0.3 1
7 969 50 10 0.1 5
7 969 50 10 0.2 5
7 969 50 10 0.3 5
8 435 150 30 0.1 0
8 435 150 30 0.2 0
8 435 150 30 0.3 0
8 435 150 30 0.1 1
8 435 150 30 0.2 1
8 435 150 30 0.3 1
8 435 150 30 0.1 5
8 435 150 30 0.2 5
8 435 150 30 0.3 5
8 435 50 10 0.1 0
8 435 50 10 0.2 0
8 435 50 10 0.3 0
8 435 50 10 0.1 1
8 435 50 10 0.2 1
8 435 50 10 0.3 1
8 435 50 10 0.1 5
8 435 50 10 0.2 5
8 435 50 10 0.3 5
9 547 150 30 0.1 0
9 547 150 30 0.2 0
9 547 150 30 0.3 0
9 547 150 30 0.1 1
9 547 150 30 0.2 1
9 547 150 30 0.3 1
9 547 150 30 0.1 5
9 547 150 30 0.2 5
9 547 150 30 0.3 5
9 547 50 10 0.1 0
9 547 50 10 0.2 0
9 547 50 10 0.3 0
9 547 50 10 0.1 1
9 547 50 10 0.2 1
9 547 50 10 0.3 1
9 547 50 10 0.1 5
9 547 50 10 0.2 5
9 547 50 10 0.3 5
10 329 150 30 0.1 0
10 329 150 30 0.2 0
10 329 150 30 0.3 0
10 329 150 30 0.1 1
10 329 150 30 0.2 1
10 329 150 30 0.3 1
10 329 150 30 0.1 5
10 329 150 30 0.2 5
10 329 150 30 0.3 5
10 329 50 10 0.1 0
10 329 50 10 0.2 0
10 329 50 10 0.3 0
10 329 50 10 0.1 1
10 329 50 10 0.2 1
10 329 50 10 0.3 1
10 329 50 10 0.1 5
10 329 50 10 0.2 5
10 329 50 10 0.3 5
11 461 150 30 0.1 0
11 461 150 30 0.2 0
11 461 150 30 0.3 0
11 461 150 30 0.1 1
11 461 150 30 0.2 1
11 461 150 30 0.3 1
11 461 150 30 0.1 5
11 461 150 30 0.2 5
11 461 150 30 0.3 5
11 461 50 10 0.1 0
11 461 50 10 0.2 0
11 461 50 10 0.3 0
11 461 50 10 0.1 1
11 461 50 10 0.2 1
11 461 50 10 0.3 1
11 461 50 10 0.1 5
11 461 50 10 0.2 5
11 461 50 10 0.3 5
12 913 150 30 0.1 0
12 913 150 30 0.2 0
12 913 150 30 0.3 0
12 913 150 30 0.1 1
12 913 150 30 0.2 1
12 913 150 30 0.3 1
12 913 150 30 0.1 5
12 913 150 30 0.2 5
12 913 150 30 0.3 5
12 913 50 10 0.1 0
12 913 50 10 0.2 0
12 913 50 10 0.3 0
12 913 50 10 0.1 1
12 913 50 10 0.2 1
12 913 50 10 0.3 1
12 913 50 10 0.1 5
12 913 50 10 0.2 5
12 913 50 10 0.3 5
13 135 150 30 0.1 0
13 135 150 30 0.2 0
13 135 150 30 0.3 0
13 135 150 30 0.1 1
13 135 150 30 0.2 1
13 135 150 30 0.3 1
13 135 150 30 0.1 5
13 135 150 30 0.2 5
13 135 150 30 0.3 5
13 135 50 10 0.1 0
13 135 50 10 0.2 0
13 135 50 10 0.3 0
13 135 50 10 0.1 1
13 135 50 10 0.2 1
13 135 50 10 0.3 1
13 135 50 10 0.1 5
13 135 50 10 0.2 5
13 135 50 10 0.3 5
14 427 150 30 0.1 0
14 427 150 30 0.2 0
14 427 150 30 0.3 0
14 427 150 30 0.1 1
14 427 150 30 0.2 1
14 427 150 30 0.3 1
14 427 150 30 0.1 5
14 427 150 30 0.2 5
14 427 150 30 0.3 5
14 427 50 10 0.1 0
14 427 50 10 0.2 0
14 427 50 10 0.3 0
14 427 50 10 0.1 1
14 427 50 10 0.2 1
14 427 50 10 0.3 1
14 427 50 10 0.1 5
14 427 50 10 0.2 5
14 427 50 10 0.3 5
15 743 150 30 0.1 0
15 743 150 30 0.2 0
15 743 150 30 0.3 0
15 743 150 30 0.1 1
15 743 150 30 0.2 1
15 743 150 30 0.3 1
15 743 150 30 0.1 5
15 743 150 30 0.2 5
15 743 150 30 0.3 5
15 743 50 10 0.1 0
15 743 50 10 0.2 0
15 743 50 10 0.3 0
15 743 50 10 0.1 1
15 743 50 10 0.2 1
15 743 50 10 0.3 1
15 743 50 10 0.1 5
15 743 50 10 0.2 5
15 743 50 10 0.3 5
16 912 150 30 0.1 0
16 912 150 30 0.2 0
16 912 150 30 0.3 0
16 912 150 30 0.1 1
16 912 150 30 0.2 1
16 912 150 30 0.3 1
16 912 150 30 0.1 5
16 912 150 30 0.2 5
16 912 150 30 0.3 5
16 912 50 10 0.1 0
16 912 50 10 0.2 0
16 912 50 10 0.3 0
16 912 50 10 0.1 1
16 912 50 10 0.2 1
16 912 50 10 0.3 1
16 912 50 10 0.1 5
16 912 50 10 0.2 5
16 912 50 10 0.3 5
17 272 150 30 0.1 0
17 272 150 30 0.2 0
17 272 150 30 0.3 0
17 272 150 30 0.1 1
17 272 150 30 0.2 1
17 272 150 30 0.3 1
17 272 150 30 0.1 5
17 272 150 30 0.2 5
17 272 150 30 0.3 5
17 272 50 10 0.1 0
17 272 50 10 0.2 0
17 272 50 10 0.3 0
17 272 50 10 0.1 1
17 272 50 10 0.2 1
17 272 50 10 0.3 1
17 272 50 10 0.1 5
17 272 50 10 0.2 5
17 272 50 10 0.3 5
18 970 150 30 0.1 0
18 970 150 30 0.2 0
18 970 150 30 0.3 0
18 970 150 30 0.1 1
18 970 150 30 0.2 1
18 970 150 30 0.3 1
18 970 150 30 0.1 5
18 970 150 30 0.2 5
18 970 150 30 0.3 5
18 970 50 10 0.1 0
18 970 50 10 0.2 0
18 970 50 10 0.3 0
18 970 50 10 0.1 1
18 970 50 10 0.2 1
18 970 50 10 0.3 1
18 970 50 10 0.1 5
18 970 50 10 0.2 5
18 970 50 10 0.3 5
19 934 150 30 0.1 0
19 934 150 30 0.2 0
19 934 150 30 0.3 0
19 934 150 30 0.1 1
19 934 150 30 0.2 1
19 934 150 30 0.3 1
19 934 150 30 0.1 5
19 934 150 30 0.2 5
19 934 150 30 0.3 5
19 934 50 10 0.1 0
19 934 50 10 0.2 0
19 934 50 10 0.3 0
19 934 50 10 0.1 1
19 934 50 10 0.2 1
19 934 50 10 0.3 1
19 934 50 10 0.1 5
19 934 50 10 0.2 5
19 934 50 10 0.3 5
20 63 150 30 0.1 0
20 63 150 30 0.2 0
20 63 150 30 0.3 0
20 63 150 30 0.1 1
20 63 150 30 0.2 1
20 63 150 30 0.3 1
20 63 150 30 0.1 5
20 63 150 30 0.2 5
20 63 150 30 0.3 5
20 63 50 10 0.1 0
20 63 50 10 0.2 0
20 63 50 10 0.3 0
20 63 50 10 0.1 1
20 63 50 10 0.2 1
20 63 50 10 0.3 1
20 63 50 10 0.1 5
20 63 50 10 0.2 5
20 63 50 10 0.3 5
21 669 150 30 0.1 0
21 669 150 30 0.2 0
21 669 150 30 0.3 0
21 669 150 30 0.1 1
21 669 150 30 0.2 1
21 669 150 30 0.3 1
21 669 150 30 0.1 5
21 669 150 30 0.2 5
21 669 150 30 0.3 5
21 669 50 10 0.1 0
21 669 50 10 0.2 0
21 669 50 10 0.3 0
21 669 50 10 0.1 1
21 669 50 10 0.2 1
21 669 50 10 0.3 1
21 669 50 10 0.1 5
21 669 50 10 0.2 5
21 669 50 10 0.3 5
22 540 150 30 0.1 0
22 540 150 30 0.2 0
22 540 150 30 0.3 0
22 540 150 30 0.1 1
22 540 150 30 0.2 1
22 540 150 30 0.3 1
22 540 150 30 0.1 5
22 540 150 30 0.2 5
22 540 150 30 0.3 5
22 540 50 10 0.1 0
22 540 50 10 0.2 0
22 540 50 10 0.3 0
22 540 50 10 0.1 1
22 540 50 10 0.2 1
22 540 50 10 0.3 1
22 540 50 10 0.1 5
22 540 50 10 0.2 5
22 540 50 10 0.3 5
23 852 150 30 0.1 0
23 852 150 30 0.2 0
23 852 150 30 0.3 0
23 852 150 30 0.1 1
23 852 150 30 0.2 1
23 852 150 30 0.3 1
23 852 150 30 0.1 5
23 852 150 30 0.2 5
23 852 150 30 0.3 5
23 852 50 10 0.1 0
23 852 50 10 0.2 0
23 852 50 10 0.3 0
23 852 50 10 0.1 1
23 852 50 10 0.2 1
23 852 50 10 0.3 1
23 852 50 10 0.1 5
23 852 50 10 0.2 5
23 852 50 10 0.3 5
24 885 150 30 0.1 0
24 885 150 30 0.2 0
24 885 150 30 0.3 0
24 885 150 30 0.1 1
24 885 150 30 0.2 1
24 885 150 30 0.3 1
24 885 150 30 0.1 5
24 885 150 30 0.2 5
24 885 150 30 0.3 5
24 885 50 10 0.1 0
24 885 50 10 0.2 0
24 885 50 10 0.3 0
24 885 50 10 0.1 1
24 885 50 10 0.2 1
24 885 50 10 0.3 1
24 885 50 10 0.1 5
24 885 50 10 0.2 5
24 885 50 10 0.3 5
25 144 150 30 0.1 0
25 144 150 30 0.2 0
25 144 150 30 0.3 0
25 144 150 30 0.1 1
25 144 150 30 0.2 1
25 144 150 30 0.3 1
25 144 150 30 0.1 5
25 144 150 30 0.2 5
25 144 150 30 0.3 5
25 144 50 10 0.1 0
25 144 50 10 0.2 0
25 144 50 10 0.3 0
25 144 50 10 0.1 1
25 144 50 10 0.2 1
25 144 50 10 0.3 1
25 144 50 10 0.1 5
25 144 50 10 0.2 5
25 144 50 10 0.3 5
26 858 150 30 0.1 0
26 858 150 30 0.2 0
26 858 150 30 0.3 0
26 858 150 30 0.1 1
26 858 150 30 0.2 1
26 858 150 30 0.3 1
26 858 150 30 0.1 5
26 858 150 30 0.2 5
26 858 150 30 0.3 5
26 858 50 10 0.1 0
26 858 50 10 0.2 0
26 858 50 10 0.3 0
26 858 50 10 0.1 1
26 858 50 10 0.2 1
26 858 50 10 0.3 1
26 858 50 10 0.1 5
26 858 50 10 0.2 5
26 858 50 10 0.3 5
27 291 150 30 0.1 0
27 291 150 30 0.2 0
27 291 150 30 0.3 0
27 291 150 30 0.1 1
27 291 150 30 0.2 1
27 291 150 30 0.3 1
27 291 150 30 0.1 5
27 291 150 30 0.2 5
27 291 150 30 0.3 5
27 291 50 10 0.1 0
27 291 50 10 0.2 0
27 291 50 10 0.3 0
27 291 50 10 0.1 1
27 291 50 10 0.2 1
27 291 50 10 0.3 1
27 291 50 10 0.1 5
27 291 50 10 0.2 5
27 291 50 10 0.3 5
28 814 150 30 0.1 0
28 814 150 30 0.2 0
28 814 150 30 0.3 0
28 814 150 30 0.1 1
28 814 150 30 0.2 1
28 814 150 30 0.3 1
28 814 150 30 0.1 5
28 814 150 30 0.2 5
28 814 150 30 0.3 5
28 814 50 10 0.1 0
28 814 50 10 0.2 0
28 814 50 10 0.3 0
28 814 50 10 0.1 1
28 814 50 10 0.2 1
28 814 50 10 0.3 1
28 814 50 10 0.1 5
28 814 50 10 0.2 5
28 814 50 10 0.3 5
29 296 150 30 0.1 0
29 296 150 30 0.2 0
29 296 150 30 0.3 0
29 296 150 30 0.1 1
29 296 150 30 0.2 1
29 296 150 30 0.3 1
29 296 150 30 0.1 5
29 296 150 30 0.2 5
29 296 150 30 0.3 5
29 296 50 10 0.1 0
29 296 50 10 0.2 0
29 296 50 10 0.3 0
29 296 50 10 0.1 1
29 296 50 10 0.2 1
29 296 50 10 0.3 1
29 296 50 10 0.1 5
29 296 50 10 0.2 5
29 296 50 10 0.3 5
30 965 150 30 0.1 0
30 965 150 30 0.2 0
30 965 150 30 0.3 0
30 965 150 30 0.1 1
30 965 150 30 0.2 1
30 965 150 30 0.3 1
30 965 150 30 0.1 5
30 965 150 30 0.2 5
30 965 150 30 0.3 5
30 965 50 10 0.1 0
30 965 50 10 0.2 0
30 965 50 10 0.3 0
30 965 50 10 0.1 1
30 965 50 10 0.2 1
30 965 50 10 0.3 1
30 965 50 10 0.1 5
30 965 50 10 0.2 5
30 965 50 10 0.3 5
31 29 150 30 0.1 0
31 29 150 30 0.2 0
31 29 150 30 0.3 0
31 29 150 30 0.1 1
31 29 150 30 0.2 1
31 29 150 30 0.3 1
31 29 150 30 0.1 5
31 29 150 30 0.2 5
31 29 150 30 0.3 5
31 29 50 10 0.1 0
31 29 50 10 0.2 0
31 29 50 10 0.3 0
31 29 50 10 0.1 1
31 29 50 10 0.2 1
31 29 50 10 0.3 1
31 29 50 10 0.1 5
31 29 50 10 0.2 5
31 29 50 10 0.3 5
32 238 150 30 0.1 0
32 238 150 30 0.2 0
32 238 150 30 0.3 0
32 238 150 30 0.1 1
32 238 150 30 0.2 1
32 238 150 30 0.3 1
32 238 150 30 0.1 5
32 238 150 30 0.2 5
32 238 150 30 0.3 5
32 238 50 10 0.1 0
32 238 50 10 0.2 0
32 238 50 10 0.3 0
32 238 50 10 0.1 1
32 238 50 10 0.2 1
32 238 50 10 0.3 1
32 238 50 10 0.1 5
32 238 50 10 0.2 5
32 238 50 10 0.3 5
33 273 150 30 0.1 0
33 273 150 30 0.2 0
33 273 150 30 0.3 0
33 273 150 30 0.1 1
33 273 150 30 0.2 1
33 273 150 30 0.3 1
33 273 150 30 0.1 5
33 273 150 30 0.2 5
33 273 150 30 0.3 5
33 273 50 10 0.1 0
33 273 50 10 0.2 0
33 273 50 10 0.3 0
33 273 50 10 0.1 1
33 273 50 10 0.2 1
33 273 50 10 0.3 1
33 273 50 10 0.1 5
33 273 50 10 0.2 5
33 273 50 10 0.3 5
34 892 150 30 0.1 0
34 892 150 30 0.2 0
34 892 150 30 0.3 0
34 892 150 30 0.1 1
34 892 150 30 0.2 1
34 892 150 30 0.3 1
34 892 150 30 0.1 5
34 892 150 30 0.2 5
34 892 150 30 0.3 5
34 892 50 10 0.1 0
34 892 50 10 0.2 0
34 892 50 10 0.3 0
34 892 50 10 0.1 1
34 892 50 10 0.2 1
34 892 50 10 0.3 1
34 892 50 10 0.1 5
34 892 50 10 0.2 5
34 892 50 10 0.3 5
35 3 150 30 0.1 0
35 3 150 30 0.2 0
35 3 150 30 0.3 0
35 3 150 30 0.1 1
35 3 150 30 0.2 1
35 3 150 30 0.3 1
35 3 150 30 0.1 5
35 3 150 30 0.2 5
35 3 150 30 0.3 5
35 3 50 10 0.1 0
35 3 50 10 0.2 0
35 3 50 10 0.3 0
35 3 50 10 0.1 1
35 3 50 10 0.2 1
35 3 50 10 0.3 1
35 3 50 10 0.1 5
35 3 50 10 0.2 5
35 3 50 10 0.3 5
36 133 150 30 0.1 0
36 133 150 30 0.2 0
36 133 150 30 0.3 0
36 133 150 30 0.1 1
36 133 150 30 0.2 1
36 133 150 30 0.3 1
36 133 150 30 0.1 5
36 133 150 30 0.2 5
36 133 150 30 0.3 5
36 133 50 10 0.1 0
36 133 50 10 0.2 0
36 133 50 10 0.3 0
36 133 50 10 0.1 1
36 133 50 10 0.2 1
36 133 50 10 0.3 1
36 133 50 10 0.1 5
36 133 50 10 0.2 5
36 133 50 10 0.3 5
37 370 150 30 0.1 0
37 370 150 30 0.2 0
37 370 150 30 0.3 0
37 370 150 30 0.1 1
37 370 150 30 0.2 1
37 370 150 30 0.3 1
37 370 150 30 0.1 5
37 370 150 30 0.2 5
37 370 150 30 0.3 5
37 370 50 10 0.1 0
37 370 50 10 0.2 0
37 370 50 10 0.3 0
37 370 50 10 0.1 1
37 370 50 10 0.2 1
37 370 50 10 0.3 1
37 370 50 10 0.1 5
37 370 50 10 0.2 5
37 370 50 10 0.3 5
38 454 150 30 0.1 0
38 454 150 30 0.2 0
38 454 150 30 0.3 0
38 454 150 30 0.1 1
38 454 150 30 0.2 1
38 454 150 30 0.3 1
38 454 150 30 0.1 5
38 454 150 30 0.2 5
38 454 150 30 0.3 5
38 454 50 10 0.1 0
38 454 50 10 0.2 0
38 454 50 10 0.3 0
38 454 50 10 0.1 1
38 454 50 10 0.2 1
38 454 50 10 0.3 1
38 454 50 10 0.1 5
38 454 50 10 0.2 5
38 454 50 10 0.3 5
39 766 150 30 0.1 0
39 766 150 30 0.2 0
39 766 150 30 0.3 0
39 766 150 30 0.1 1
39 766 150 30 0.2 1
39 766 150 30 0.3 1
39 766 150 30 0.1 5
39 766 150 30 0.2 5
39 766 150 30 0.3 5
39 766 50 10 0.1 0
39 766 50 10 0.2 0
39 766 50 10 0.3 0
39 766 50 10 0.1 1
39 766 50 10 0.2 1
39 766 50 10 0.3 1
39 766 50 10 0.1 5
39 766 50 10 0.2 5
39 766 50 10 0.3 5
40 697 150 30 0.1 0
40 697 150 30 0.2 0
40 697 150 30 0.3 0
40 697 150 30 0.1 1
40 697 150 30 0.2 1
40 697 150 30 0.3 1
40 697 150 30 0.1 5
40 697 150 30 0.2 5
40 697 150 30 0.3 5
40 697 50 10 0.1 0
40 697 50 10 0.2 0
40 697 50 10 0.3 0
40 697 50 10 0.1 1
40 697 50 10 0.2 1
40 697 50 10 0.3 1
40 697 50 10 0.1 5
40 697 50 10 0.2 5
40 697 50 10 0.3 5
41 572 150 30 0.1 0
41 572 150 30 0.2 0
41 572 150 30 0.3 0
41 572 150 30 0.1 1
41 572 150 30 0.2 1
41 572 150 30 0.3 1
41 572 150 30 0.1 5
41 572 150 30 0.2 5
41 572 150 30 0.3 5
41 572 50 10 0.1 0
41 572 50 10 0.2 0
41 572 50 10 0.3 0
41 572 50 10 0.1 1
41 572 50 10 0.2 1
41 572 50 10 0.3 1
41 572 50 10 0.1 5
41 572 50 10 0.2 5
41 572 50 10 0.3 5
42 552 150 30 0.1 0
42 552 150 30 0.2 0
42 552 150 30 0.3 0
42 552 150 30 0.1 1
42 552 150 30 0.2 1
42 552 150 30 0.3 1
42 552 150 30 0.1 5
42 552 150 30 0.2 5
42 552 150 30 0.3 5
42 552 50 10 0.1 0
42 552 50 10 0.2 0
42 552 50 10 0.3 0
42 552 50 10 0.1 1
42 552 50 10 0.2 1
42 552 50 10 0.3 1
42 552 50 10 0.1 5
42 552 50 10 0.2 5
42 552 50 10 0.3 5
43 483 150 30 0.1 0
43 483 150 30 0.2 0
43 483 150 30 0.3 0
43 483 150 30 0.1 1
43 483 150 30 0.2 1
43 483 150 30 0.3 1
43 483 150 30 0.1 5
43 483 150 30 0.2 5
43 483 150 30 0.3 5
43 483 50 10 0.1 0
43 483 50 10 0.2 0
43 483 50 10 0.3 0
43 483 50 10 0.1 1
43 483 50 10 0.2 1
43 483 50 10 0.3 1
43 483 50 10 0.1 5
43 483 50 10 0.2 5
43 483 50 10 0.3 5
44 724 150 30 0.1 0
44 724 150 30 0.2 0
44 724 150 30 0.3 0
44 724 150 30 0.1 1
44 724 150 30 0.2 1
44 724 150 30 0.3 1
44 724 150 30 0.1 5
44 724 150 30 0.2 5
44 724 150 30 0.3 5
44 724 50 10 0.1 0
44 724 50 10 0.2 0
44 724 50 10 0.3 0
44 724 50 10 0.1 1
44 724 50 10 0.2 1
44 724 50 10 0.3 1
44 724 50 10 0.1 5
44 724 50 10 0.2 5
44 724 50 10 0.3 5
45 792 150 30 0.1 0
45 792 150 30 0.2 0
45 792 150 30 0.3 0
45 792 150 30 0.1 1
45 792 150 30 0.2 1
45 792 150 30 0.3 1
45 792 150 30 0.1 5
45 792 150 30 0.2 5
45 792 150 30 0.3 5
45 792 50 10 0.1 0
45 792 50 10 0.2 0
45 792 50 10 0.3 0
45 792 50 10 0.1 1
45 792 50 10 0.2 1
45 792 50 10 0.3 1
45 792 50 10 0.1 5
45 792 50 10 0.2 5
45 792 50 10 0.3 5
46 476 150 30 0.1 0
46 476 150 30 0.2 0
46 476 150 30 0.3 0
46 476 150 30 0.1 1
46 476 150 30 0.2 1
46 476 150 30 0.3 1
46 476 150 30 0.1 5
46 476 150 30 0.2 5
46 476 150 30 0.3 5
46 476 50 10 0.1 0
46 476 50 10 0.2 0
46 476 50 10 0.3 0
46 476 50 10 0.1 1
46 476 50 10 0.2 1
46 476 50 10 0.3 1
46 476 50 10 0.1 5
46 476 50 10 0.2 5
46 476 50 10 0.3 5
47 779 150 30 0.1 0
47 779 150 30 0.2 0
47 779 150 30 0.3 0
47 779 150 30 0.1 1
47 779 150 30 0.2 1
47 779 150 30 0.3 1
47 779 150 30 0.1 5
47 779 150 30 0.2 5
47 779 150 30 0.3 5
47 779 50 10 0.1 0
47 779 50 10 0.2 0
47 779 50 10 0.3 0
47 779 50 10 0.1 1
47 779 50 10 0.2 1
47 779 50 10 0.3 1
47 779 50 10 0.1 5
47 779 50 10 0.2 5
47 779 50 10 0.3 5
48 43 150 30 0.1 0
48 43 150 30 0.2 0
48 43 150 30 0.3 0
48 43 150 30 0.1 1
48 43 150 30 0.2 1
48 43 150 30 0.3 1
48 43 150 30 0.1 5
48 43 150 30 0.2 5
48 43 150 30 0.3 5
48 43 50 10 0.1 0
48 43 50 10 0.2 0
48 43 50 10 0.3 0
48 43 50 10 0.1 1
48 43 50 10 0.2 1
48 43 50 10 0.3 1
48 43 50 10 0.1 5
48 43 50 10 0.2 5
48 43 50 10 0.3 5
49 228 150 30 0.1 0
49 228 150 30 0.2 0
49 228 150 30 0.3 0
49 228 150 30 0.1 1
49 228 150 30 0.2 1
49 228 150 30 0.3 1
49 228 150 30 0.1 5
49 228 150 30 0.2 5
49 228 150 30 0.3 5
49 228 50 10 0.1 0
49 228 50 10 0.2 0
49 228 50 10 0.3 0
49 228 50 10 0.1 1
49 228 50 10 0.2 1
49 228 50 10 0.3 1
49 228 50 10 0.1 5
49 228 50 10 0.2 5
49 228 50 10 0.3 5
50 870 150 30 0.1 0
50 870 150 30 0.2 0
50 870 150 30 0.3 0
50 870 150 30 0.1 1
50 870 150 30 0.2 1
50 870 150 30 0.3 1
50 870 150 30 0.1 5
50 870 150 30 0.2 5
50 870 150 30 0.3 5
50 870 50 10 0.1 0
50 870 50 10 0.2 0
50 870 50 10 0.3 0
50 870 50 10 0.1 1
50 870 50 10 0.2 1
50 870 50 10 0.3 1
50 870 50 10 0.1 5
50 870 50 10 0.2 5
50 870 50 10 0.3 5
51 797 150 30 0.1 0
51 797 150 30 0.2 0
51 797 150 30 0.3 0
51 797 150 30 0.1 1
51 797 150 30 0.2 1
51 797 150 30 0.3 1
51 797 150 30 0.1 5
51 797 150 30 0.2 5
51 797 150 30 0.3 5
51 797 50 10 0.1 0
51 797 50 10 0.2 0
51 797 50 10 0.3 0
51 797 50 10 0.1 1
51 797 50 10 0.2 1
51 797 50 10 0.3 1
51 797 50 10 0.1 5
51 797 50 10 0.2 5
51 797 50 10 0.3 5
52 104 150 30 0.1 0
52 104 150 30 0.2 0
52 104 150 30 0.3 0
52 104 150 30 0.1 1
52 104 150 30 0.2 1
52 104 150 30 0.3 1
52 104 150 30 0.1 5
52 104 150 30 0.2 5
52 104 150 30 0.3 5
52 104 50 10 0.1 0
52 104 50 10 0.2 0
52 104 50 10 0.3 0
52 104 50 10 0.1 1
52 104 50 10 0.2 1
52 104 50 10 0.3 1
52 104 50 10 0.1 5
52 104 50 10 0.2 5
52 104 50 10 0.3 5
53 9 150 30 0.1 0
53 9 150 30 0.2 0
53 9 150 30 0.3 0
53 9 150 30 0.1 1
53 9 150 30 0.2 1
53 9 150 30 0.3 1
53 9 150 30 0.1 5
53 9 150 30 0.2 5
53 9 150 30 0.3 5
53 9 50 10 0.1 0
53 9 50 10 0.2 0
53 9 50 10 0.3 0
53 9 50 10 0.1 1
53 9 50 10 0.2 1
53 9 50 10 0.3 1
53 9 50 10 0.1 5
53 9 50 10 0.2 5
53 9 50 10 0.3 5
54 924 150 30 0.1 0
54 924 150 30 0.2 0
54 924 150 30 0.3 0
54 924 150 30 0.1 1
54 924 150 30 0.2 1
54 924 150 30 0.3 1
54 924 150 30 0.1 5
54 924 150 30 0.2 5
54 924 150 30 0.3 5
54 924 50 10 0.1 0
54 924 50 10 0.2 0
54 924 50 10 0.3 0
54 924 50 10 0.1 1
54 924 50 10 0.2 1
54 924 50 10 0.3 1
54 924 50 10 0.1 5
54 924 50 10 0.2 5
54 924 50 10 0.3 5
55 769 150 30 0.1 0
55 769 150 30 0.2 0
55 769 150 30 0.3 0
55 769 150 30 0.1 1
55 769 150 30 0.2 1
55 769 150 30 0.3 1
55 769 150 30 0.1 5
55 769 150 30 0.2 5
55 769 150 30 0.3 5
55 769 50 10 0.1 0
55 769 50 10 0.2 0
55 769 50 10 0.3 0
55 769 50 10 0.1 1
55 769 50 10 0.2 1
55 769 50 10 0.3 1
55 769 50 10 0.1 5
55 769 50 10 0.2 5
55 769 50 10 0.3 5
56 818 150 30 0.1 0
56 818 150 30 0.2 0
56 818 150 30 0.3 0
56 818 150 30 0.1 1
56 818 150 30 0.2 1
56 818 150 30 0.3 1
56 818 150 30 0.1 5
56 818 150 30 0.2 5
56 818 150 30 0.3 5
56 818 50 10 0.1 0
56 818 50 10 0.2 0
56 818 50 10 0.3 0
56 818 50 10 0.1 1
56 818 50 10 0.2 1
56 818 50 10 0.3 1
56 818 50 10 0.1 5
56 818 50 10 0.2 5
56 818 50 10 0.3 5
57 686 150 30 0.1 0
57 686 150 30 0.2 0
57 686 150 30 0.3 0
57 686 150 30 0.1 1
57 686 150 30 0.2 1
57 686 150 30 0.3 1
57 686 150 30 0.1 5
57 686 150 30 0.2 5
57 686 150 30 0.3 5
57 686 50 10 0.1 0
57 686 50 10 0.2 0
57 686 50 10 0.3 0
57 686 50 10 0.1 1
57 686 50 10 0.2 1
57 686 50 10 0.3 1
57 686 50 10 0.1 5
57 686 50 10 0.2 5
57 686 50 10 0.3 5
58 180 150 30 0.1 0
58 180 150 30 0.2 0
58 180 150 30 0.3 0
58 180 150 30 0.1 1
58 180 150 30 0.2 1
58 180 150 30 0.3 1
58 180 150 30 0.1 5
58 180 150 30 0.2 5
58 180 150 30 0.3 5
58 180 50 10 0.1 0
58 180 50 10 0.2 0
58 180 50 10 0.3 0
58 180 50 10 0.1 1
58 180 50 10 0.2 1
58 180 50 10 0.3 1
58 180 50 10 0.1 5
58 180 50 10 0.2 5
58 180 50 10 0.3 5
59 556 150 30 0.1 0
59 556 150 30 0.2 0
59 556 150 30 0.3 0
59 556 150 30 0.1 1
59 556 150 30 0.2 1
59 556 150 30 0.3 1
59 556 150 30 0.1 5
59 556 150 30 0.2 5
59 556 150 30 0.3 5
59 556 50 10 0.1 0
59 556 50 10 0.2 0
59 556 50 10 0.3 0
59 556 50 10 0.1 1
59 556 50 10 0.2 1
59 556 50 10 0.3 1
59 556 50 10 0.1 5
59 556 50 10 0.2 5
59 556 50 10 0.3 5
60 122 150 30 0.1 0
60 122 150 30 0.2 0
60 122 150 30 0.3 0
60 122 150 30 0.1 1
60 122 150 30 0.2 1
60 122 150 30 0.3 1
60 122 150 30 0.1 5
60 122 150 30 0.2 5
60 122 150 30 0.3 5
60 122 50 10 0.1 0
60 122 50 10 0.2 0
60 122 50 10 0.3 0
60 122 50 10 0.1 1
60 122 50 10 0.2 1
60 122 50 10 0.3 1
60 122 50 10 0.1 5
60 122 50 10 0.2 5
60 122 50 10 0.3 5
61 376 150 30 0.1 0
61 376 150 30 0.2 0
61 376 150 30 0.3 0
61 376 150 30 0.1 1
61 376 150 30 0.2 1
61 376 150 30 0.3 1
61 376 150 30 0.1 5
61 376 150 30 0.2 5
61 376 150 30 0.3 5
61 376 50 10 0.1 0
61 376 50 10 0.2 0
61 376 50 10 0.3 0
61 376 50 10 0.1 1
61 376 50 10 0.2 1
61 376 50 10 0.3 1
61 376 50 10 0.1 5
61 376 50 10 0.2 5
61 376 50 10 0.3 5
62 660 150 30 0.1 0
62 660 150 30 0.2 0
62 660 150 30 0.3 0
62 660 150 30 0.1 1
62 660 150 30 0.2 1
62 660 150 30 0.3 1
62 660 150 30 0.1 5
62 660 150 30 0.2 5
62 660 150 30 0.3 5
62 660 50 10 0.1 0
62 660 50 10 0.2 0
62 660 50 10 0.3 0
62 660 50 10 0.1 1
62 660 50 10 0.2 1
62 660 50 10 0.3 1
62 660 50 10 0.1 5
62 660 50 10 0.2 5
62 660 50 10 0.3 5
63 987 150 30 0.1 0
63 987 150 30 0.2 0
63 987 150 30 0.3 0
63 987 150 30 0.1 1
63 987 150 30 0.2 1
63 987 150 30 0.3 1
63 987 150 30 0.1 5
63 987 150 30 0.2 5
63 987 150 30 0.3 5
63 987 50 10 0.1 0
63 987 50 10 0.2 0
63 987 50 10 0.3 0
63 987 50 10 0.1 1
63 987 50 10 0.2 1
63 987 50 10 0.3 1
63 987 50 10 0.1 5
63 987 50 10 0.2 5
63 987 50 10 0.3 5
64 105 150 30 0.1 0
64 105 150 30 0.2 0
64 105 150 30 0.3 0
64 105 150 30 0.1 1
64 105 150 30 0.2 1
64 105 150 30 0.3 1
64 105 150 30 0.1 5
64 105 150 30 0.2 5
64 105 150 30 0.3 5
64 105 50 10 0.1 0
64 105 50 10 0.2 0
64 105 50 10 0.3 0
64 105 50 10 0.1 1
64 105 50 10 0.2 1
64 105 50 10 0.3 1
64 105 50 10 0.1 5
64 105 50 10 0.2 5
64 105 50 10 0.3 5
65 139 150 30 0.1 0
65 139 150 30 0.2 0
65 139 150 30 0.3 0
65 139 150 30 0.1 1
65 139 150 30 0.2 1
65 139 150 30 0.3 1
65 139 150 30 0.1 5
65 139 150 30 0.2 5
65 139 150 30 0.3 5
65 139 50 10 0.1 0
65 139 50 10 0.2 0
65 139 50 10 0.3 0
65 139 50 10 0.1 1
65 139 50 10 0.2 1
65 139 50 10 0.3 1
65 139 50 10 0.1 5
65 139 50 10 0.2 5
65 139 50 10 0.3 5
66 281 150 30 0.1 0
66 281 150 30 0.2 0
66 281 150 30 0.3 0
66 281 150 30 0.1 1
66 281 150 30 0.2 1
66 281 150 30 0.3 1
66 281 150 30 0.1 5
66 281 150 30 0.2 5
66 281 150 30 0.3 5
66 281 50 10 0.1 0
66 281 50 10 0.2 0
66 281 50 10 0.3 0
66 281 50 10 0.1 1
66 281 50 10 0.2 1
66 281 50 10 0.3 1
66 281 50 10 0.1 5
66 281 50 10 0.2 5
66 281 50 10 0.3 5
67 713 150 30 0.1 0
67 713 150 30 0.2 0
67 713 150 30 0.3 0
67 713 150 30 0.1 1
67 713 150 30 0.2 1
67 713 150 30 0.3 1
67 713 150 30 0.1 5
67 713 150 30 0.2 5
67 713 150 30 0.3 5
67 713 50 10 0.1 0
67 713 50 10 0.2 0
67 713 50 10 0.3 0
67 713 50 10 0.1 1
67 713 50 10 0.2 1
67 713 50 10 0.3 1
67 713 50 10 0.1 5
67 713 50 10 0.2 5
67 713 50 10 0.3 5
68 257 150 30 0.1 0
68 257 150 30 0.2 0
68 257 150 30 0.3 0
68 257 150 30 0.1 1
68 257 150 30 0.2 1
68 257 150 30 0.3 1
68 257 150 30 0.1 5
68 257 150 30 0.2 5
68 257 150 30 0.3 5
68 257 50 10 0.1 0
68 257 50 10 0.2 0
68 257 50 10 0.3 0
68 257 50 10 0.1 1
68 257 50 10 0.2 1
68 257 50 10 0.3 1
68 257 50 10 0.1 5
68 257 50 10 0.2 5
68 257 50 10 0.3 5
69 874 150 30 0.1 0
69 874 150 30 0.2 0
69 874 150 30 0.3 0
69 874 150 30 0.1 1
69 874 150 30 0.2 1
69 874 150 30 0.3 1
69 874 150 30 0.1 5
69 874 150 30 0.2 5
69 874 150 30 0.3 5
69 874 50 10 0.1 0
69 874 50 10 0.2 0
69 874 50 10 0.3 0
69 874 50 10 0.1 1
69 874 50 10 0.2 1
69 874 50 10 0.3 1
69 874 50 10 0.1 5
69 874 50 10 0.2 5
69 874 50 10 0.3 5
70 209 150 30 0.1 0
70 209 150 30 0.2 0
70 209 150 30 0.3 0
70 209 150 30 0.1 1
70 209 150 30 0.2 1
70 209 150 30 0.3 1
70 209 150 30 0.1 5
70 209 150 30 0.2 5
70 209 150 30 0.3 5
70 209 50 10 0.1 0
70 209 50 10 0.2 0
70 209 50 10 0.3 0
70 209 50 10 0.1 1
70 209 50 10 0.2 1
70 209 50 10 0.3 1
70 209 50 10 0.1 5
70 209 50 10 0.2 5
70 209 50 10 0.3 5
71 603 150 30 0.1 0
71 603 150 30 0.2 0
71 603 150 30 0.3 0
71 603 150 30 0.1 1
71 603 150 30 0.2 1
71 603 150 30 0.3 1
71 603 150 30 0.1 5
71 603 150 30 0.2 5
71 603 150 30 0.3 5
71 603 50 10 0.1 0
71 603 50 10 0.2 0
71 603 50 10 0.3 0
71 603 50 10 0.1 1
71 603 50 10 0.2 1
71 603 50 10 0.3 1
71 603 50 10 0.1 5
71 603 50 10 0.2 5
71 603 50 10 0.3 5
72 178 150 30 0.1 0
72 178 150 30 0.2 0
72 178 150 30 0.3 0
72 178 150 30 0.1 1
72 178 150 30 0.2 1
72 178 150 30 0.3 1
72 178 150 30 0.1 5
72 178 150 30 0.2 5
72 178 150 30 0.3 5
72 178 50 10 0.1 0
72 178 50 10 0.2 0
72 178 50 10 0.3 0
72 178 50 10 0.1 1
72 178 50 10 0.2 1
72 178 50 10 0.3 1
72 178 50 10 0.1 5
72 178 50 10 0.2 5
72 178 50 10 0.3 5
73 985 150 30 0.1 0
73 985 150 30 0.2 0
73 985 150 30 0.3 0
73 985 150 30 0.1 1
73 985 150 30 0.2 1
73 985 150 30 0.3 1
73 985 150 30 0.1 5
73 985 150 30 0.2 5
73 985 150 30 0.3 5
73 985 50 10 0.1 0
73 985 50 10 0.2 0
73 985 50 10 0.3 0
73 985 50 10 0.1 1
73 985 50 10 0.2 1
73 985 50 10 0.3 1
73 985 50 10 0.1 5
73 985 50 10 0.2 5
73 985 50 10 0.3 5
74 846 150 30 0.1 0
74 846 150 30 0.2 0
74 846 150 30 0.3 0
74 846 150 30 0.1 1
74 846 150 30 0.2 1
74 846 150 30 0.3 1
74 846 150 30 0.1 5
74 846 150 30 0.2 5
74 846 150 30 0.3 5
74 846 50 10 0.1 0
74 846 50 10 0.2 0
74 846 50 10 0.3 0
74 846 50 10 0.1 1
74 846 50 10 0.2 1
74 846 50 10 0.3 1
74 846 50 10 0.1 5
74 846 50 10 0.2 5
74 846 50 10 0.3 5
75 471 150 30 0.1 0
75 471 150 30 0.2 0
75 471 150 30 0.3 0
75 471 150 30 0.1 1
75 471 150 30 0.2 1
75 471 150 30 0.3 1
75 471 150 30 0.1 5
75 471 150 30 0.2 5
75 471 150 30 0.3 5
75 471 50 10 0.1 0
75 471 50 10 0.2 0
75 471 50 10 0.3 0
75 471 50 10 0.1 1
75 471 50 10 0.2 1
75 471 50 10 0.3 1
75 471 50 10 0.1 5
75 471 50 10 0.2 5
75 471 50 10 0.3 5
76 337 150 30 0.1 0
76 337 150 30 0.2 0
76 337 150 30 0.3 0
76 337 150 30 0.1 1
76 337 150 30 0.2 1
76 337 150 30 0.3 1
76 337 150 30 0.1 5
76 337 150 30 0.2 5
76 337 150 30 0.3 5
76 337 50 10 0.1 0
76 337 50 10 0.2 0
76 337 50 10 0.3 0
76 337 50 10 0.1 1
76 337 50 10 0.2 1
76 337 50 10 0.3 1
76 337 50 10 0.1 5
76 337 50 10 0.2 5
76 337 50 10 0.3 5
77 250 150 30 0.1 0
77 250 150 30 0.2 0
77 250 150 30 0.3 0
77 250 150 30 0.1 1
77 250 150 30 0.2 1
77 250 150 30 0.3 1
77 250 150 30 0.1 5
77 250 150 30 0.2 5
77 250 150 30 0.3 5
77 250 50 10 0.1 0
77 250 50 10 0.2 0
77 250 50 10 0.3 0
77 250 50 10 0.1 1
77 250 50 10 0.2 1
77 250 50 10 0.3 1
77 250 50 10 0.1 5
77 250 50 10 0.2 5
77 250 50 10 0.3 5
78 261 150 30 0.1 0
78 261 150 30 0.2 0
78 261 150 30 0.3 0
78 261 150 30 0.1 1
78 261 150 30 0.2 1
78 261 150 30 0.3 1
78 261 150 30 0.1 5
78 261 150 30 0.2 5
78 261 150 30 0.3 5
78 261 50 10 0.1 0
78 261 50 10 0.2 0
78 261 50 10 0.3 0
78 261 50 10 0.1 1
78 261 50 10 0.2 1
78 261 50 10 0.3 1
78 261 50 10 0.1 5
78 261 50 10 0.2 5
78 261 50 10 0.3 5
79 377 150 30 0.1 0
79 377 150 30 0.2 0
79 377 150 30 0.3 0
79 377 150 30 0.1 1
79 377 150 30 0.2 1
79 377 150 30 0.3 1
79 377 150 30 0.1 5
79 377 150 30 0.2 5
79 377 150 30 0.3 5
79 377 50 10 0.1 0
79 377 50 10 0.2 0
79 377 50 10 0.3 0
79 377 50 10 0.1 1
79 377 50 10 0.2 1
79 377 50 10 0.3 1
79 377 50 10 0.1 5
79 377 50 10 0.2 5
79 377 50 10 0.3 5
80 432 150 30 0.1 0
80 432 150 30 0.2 0
80 432 150 30 0.3 0
80 432 150 30 0.1 1
80 432 150 30 0.2 1
80 432 150 30 0.3 1
80 432 150 30 0.1 5
80 432 150 30 0.2 5
80 432 150 30 0.3 5
80 432 50 10 0.1 0
80 432 50 10 0.2 0
80 432 50 10 0.3 0
80 432 50 10 0.1 1
80 432 50 10 0.2 1
80 432 50 10 0.3 1
80 432 50 10 0.1 5
80 432 50 10 0.2 5
80 432 50 10 0.3 5
81 616 150 30 0.1 0
81 616 150 30 0.2 0
81 616 150 30 0.3 0
81 616 150 30 0.1 1
81 616 150 30 0.2 1
81 616 150 30 0.3 1
81 616 150 30 0.1 5
81 616 150 30 0.2 5
81 616 150 30 0.3 5
81 616 50 10 0.1 0
81 616 50 10 0.2 0
81 616 50 10 0.3 0
81 616 50 10 0.1 1
81 616 50 10 0.2 1
81 616 50 10 0.3 1
81 616 50 10 0.1 5
81 616 50 10 0.2 5
81 616 50 10 0.3 5
82 808 150 30 0.1 0
82 808 150 30 0.2 0
82 808 150 30 0.3 0
82 808 150 30 0.1 1
82 808 150 30 0.2 1
82 808 150 30 0.3 1
82 808 150 30 0.1 5
82 808 150 30 0.2 5
82 808 150 30 0.3 5
82 808 50 10 0.1 0
82 808 50 10 0.2 0
82 808 50 10 0.3 0
82 808 50 10 0.1 1
82 808 50 10 0.2 1
82 808 50 10 0.3 1
82 808 50 10 0.1 5
82 808 50 10 0.2 5
82 808 50 10 0.3 5
83 190 150 30 0.1 0
83 190 150 30 0.2 0
83 190 150 30 0.3 0
83 190 150 30 0.1 1
83 190 150 30 0.2 1
83 190 150 30 0.3 1
83 190 150 30 0.1 5
83 190 150 30 0.2 5
83 190 150 30 0.3 5
83 190 50 10 0.1 0
83 190 50 10 0.2 0
83 190 50 10 0.3 0
83 190 50 10 0.1 1
83 190 50 10 0.2 1
83 190 50 10 0.3 1
83 190 50 10 0.1 5
83 190 50 10 0.2 5
83 190 50 10 0.3 5
84 950 150 30 0.1 0
84 950 150 30 0.2 0
84 950 150 30 0.3 0
84 950 150 30 0.1 1
84 950 150 30 0.2 1
84 950 150 30 0.3 1
84 950 150 30 0.1 5
84 950 150 30 0.2 5
84 950 150 30 0.3 5
84 950 50 10 0.1 0
84 950 50 10 0.2 0
84 950 50 10 0.3 0
84 950 50 10 0.1 1
84 950 50 10 0.2 1
84 950 50 10 0.3 1
84 950 50 10 0.1 5
84 950 50 10 0.2 5
84 950 50 10 0.3 5
85 607 150 30 0.1 0
85 607 150 30 0.2 0
85 607 150 30 0.3 0
85 607 150 30 0.1 1
85 607 150 30 0.2 1
85 607 150 30 0.3 1
85 607 150 30 0.1 5
85 607 150 30 0.2 5
85 607 150 30 0.3 5
85 607 50 10 0.1 0
85 607 50 10 0.2 0
85 607 50 10 0.3 0
85 607 50 10 0.1 1
85 607 50 10 0.2 1
85 607 50 10 0.3 1
85 607 50 10 0.1 5
85 607 50 10 0.2 5
85 607 50 10 0.3 5
86 601 150 30 0.1 0
86 601 150 30 0.2 0
86 601 150 30 0.3 0
86 601 150 30 0.1 1
86 601 150 30 0.2 1
86 601 150 30 0.3 1
86 601 150 30 0.1 5
86 601 150 30 0.2 5
86 601 150 30 0.3 5
86 601 50 10 0.1 0
86 601 50 10 0.2 0
86 601 50 10 0.3 0
86 601 50 10 0.1 1
86 601 50 10 0.2 1
86 601 50 10 0.3 1
86 601 50 10 0.1 5
86 601 50 10 0.2 5
86 601 50 10 0.3 5
87 586 150 30 0.1 0
87 586 150 30 0.2 0
87 586 150 30 0.3 0
87 586 150 30 0.1 1
87 586 150 30 0.2 1
87 586 150 30 0.3 1
87 586 150 30 0.1 5
87 586 150 30 0.2 5
87 586 150 30 0.3 5
87 586 50 10 0.1 0
87 586 50 10 0.2 0
87 586 50 10 0.3 0
87 586 50 10 0.1 1
87 586 50 10 0.2 1
87 586 50 10 0.3 1
87 586 50 10 0.1 5
87 586 50 10 0.2 5
87 586 50 10 0.3 5
88 267 150 30 0.1 0
88 267 150 30 0.2 0
88 267 150 30 0.3 0
88 267 150 30 0.1 1
88 267 150 30 0.2 1
88 267 150 30 0.3 1
88 267 150 30 0.1 5
88 267 150 30 0.2 5
88 267 150 30 0.3 5
88 267 50 10 0.1 0
88 267 50 10 0.2 0
88 267 50 10 0.3 0
88 267 50 10 0.1 1
88 267 50 10 0.2 1
88 267 50 10 0.3 1
88 267 50 10 0.1 5
88 267 50 10 0.2 5
88 267 50 10 0.3 5
89 628 150 30 0.1 0
89 628 150 30 0.2 0
89 628 150 30 0.3 0
89 628 150 30 0.1 1
89 628 150 30 0.2 1
89 628 150 30 0.3 1
89 628 150 30 0.1 5
89 628 150 30 0.2 5
89 628 150 30 0.3 5
89 628 50 10 0.1 0
89 628 50 10 0.2 0
89 628 50 10 0.3 0
89 628 50 10 0.1 1
89 628 50 10 0.2 1
89 628 50 10 0.3 1
89 628 50 10 0.1 5
89 628 50 10 0.2 5
89 628 50 10 0.3 5
90 433 150 30 0.1 0
90 433 150 30 0.2 0
90 433 150 30 0.3 0
90 433 150 30 0.1 1
90 433 150 30 0.2 1
90 433 150 30 0.3 1
90 433 150 30 0.1 5
90 433 150 30 0.2 5
90 433 150 30 0.3 5
90 433 50 10 0.1 0
90 433 50 10 0.2 0
90 433 50 10 0.3 0
90 433 50 10 0.1 1
90 433 50 10 0.2 1
90 433 50 10 0.3 1
90 433 50 10 0.1 5
90 433 50 10 0.2 5
90 433 50 10 0.3 5
91 332 150 30 0.1 0
91 332 150 30 0.2 0
91 332 150 30 0.3 0
91 332 150 30 0.1 1
91 332 150 30 0.2 1
91 332 150 30 0.3 1
91 332 150 30 0.1 5
91 332 150 30 0.2 5
91 332 150 30 0.3 5
91 332 50 10 0.1 0
91 332 50 10 0.2 0
91 332 50 10 0.3 0
91 332 50 10 0.1 1
91 332 50 10 0.2 1
91 332 50 10 0.3 1
91 332 50 10 0.1 5
91 332 50 10 0.2 5
91 332 50 10 0.3 5
92 659 150 30 0.1 0
92 659 150 30 0.2 0
92 659 150 30 0.3 0
92 659 150 30 0.1 1
92 659 150 30 0.2 1
92 659 150 30 0.3 1
92 659 150 30 0.1 5
92 659 150 30 0.2 5
92 659 150 30 0.3 5
92 659 50 10 0.1 0
92 659 50 10 0.2 0
92 659 50 10 0.3 0
92 659 50 10 0.1 1
92 659 50 10 0.2 1
92 659 50 10 0.3 1
92 659 50 10 0.1 5
92 659 50 10 0.2 5
92 659 50 10 0.3 5
93 721 150 30 0.1 0
93 721 150 30 0.2 0
93 721 150 30 0.3 0
93 721 150 30 0.1 1
93 721 150 30 0.2 1
93 721 150 30 0.3 1
93 721 150 30 0.1 5
93 721 150 30 0.2 5
93 721 150 30 0.3 5
93 721 50 10 0.1 0
93 721 50 10 0.2 0
93 721 50 10 0.3 0
93 721 50 10 0.1 1
93 721 50 10 0.2 1
93 721 50 10 0.3 1
93 721 50 10 0.1 5
93 721 50 10 0.2 5
93 721 50 10 0.3 5
94 56 150 30 0.1 0
94 56 150 30 0.2 0
94 56 150 30 0.3 0
94 56 150 30 0.1 1
94 56 150 30 0.2 1
94 56 150 30 0.3 1
94 56 150 30 0.1 5
94 56 150 30 0.2 5
94 56 150 30 0.3 5
94 56 50 10 0.1 0
94 56 50 10 0.2 0
94 56 50 10 0.3 0
94 56 50 10 0.1 1
94 56 50 10 0.2 1
94 56 50 10 0.3 1
94 56 50 10 0.1 5
94 56 50 10 0.2 5
94 56 50 10 0.3 5
95 594 150 30 0.1 0
95 594 150 30 0.2 0
95 594 150 30 0.3 0
95 594 150 30 0.1 1
95 594 150 30 0.2 1
95 594 150 30 0.3 1
95 594 150 30 0.1 5
95 594 150 30 0.2 5
95 594 150 30 0.3 5
95 594 50 10 0.1 0
95 594 50 10 0.2 0
95 594 50 10 0.3 0
95 594 50 10 0.1 1
95 594 50 10 0.2 1
95 594 50 10 0.3 1
95 594 50 10 0.1 5
95 594 50 10 0.2 5
95 594 50 10 0.3 5
96 751 150 30 0.1 0
96 751 150 30 0.2 0
96 751 150 30 0.3 0
96 751 150 30 0.1 1
96 751 150 30 0.2 1
96 751 150 30 0.3 1
96 751 150 30 0.1 5
96 751 150 30 0.2 5
96 751 150 30 0.3 5
96 751 50 10 0.1 0
96 751 50 10 0.2 0
96 751 50 10 0.3 0
96 751 50 10 0.1 1
96 751 50 10 0.2 1
96 751 50 10 0.3 1
96 751 50 10 0.1 5
96 751 50 10 0.2 5
96 751 50 10 0.3 5
97 325 150 30 0.1 0
97 325 150 30 0.2 0
97 325 150 30 0.3 0
97 325 150 30 0.1 1
97 325 150 30 0.2 1
97 325 150 30 0.3 1
97 325 150 30 0.1 5
97 325 150 30 0.2 5
97 325 150 30 0.3 5
97 325 50 10 0.1 0
97 325 50 10 0.2 0
97 325 50 10 0.3 0
97 325 50 10 0.1 1
97 325 50 10 0.2 1
97 325 50 10 0.3 1
97 325 50 10 0.1 5
97 325 50 10 0.2 5
97 325 50 10 0.3 5
98 295 150 30 0.1 0
98 295 150 30 0.2 0
98 295 150 30 0.3 0
98 295 150 30 0.1 1
98 295 150 30 0.2 1
98 295 150 30 0.3 1
98 295 150 30 0.1 5
98 295 150 30 0.2 5
98 295 150 30 0.3 5
98 295 50 10 0.1 0
98 295 50 10 0.2 0
98 295 50 10 0.3 0
98 295 50 10 0.1 1
98 295 50 10 0.2 1
98 295 50 10 0.3 1
98 295 50 10 0.1 5
98 295 50 10 0.2 5
98 295 50 10 0.3 5
99 748 150 30 0.1 0
99 748 150 30 0.2 0
99 748 150 30 0.3 0
99 748 150 30 0.1 1
99 748 150 30 0.2 1
99 748 150 30 0.3 1
99 748 150 30 0.1 5
99 748 150 30 0.2 5
99 748 150 30 0.3 5
99 748 50 10 0.1 0
99 748 50 10 0.2 0
99 748 50 10 0.3 0
99 748 50 10 0.1 1
99 748 50 10 0.2 1
99 748 50 10 0.3 1
99 748 50 10 0.1 5
99 748 50 10 0.2 5
99 748 50 10 0.3 5
100 878 150 30 0.1 0
100 878 150 30 0.2 0
100 878 150 30 0.3 0
100 878 150 30 0.1 1
100 878 150 30 0.2 1
100 878 150 30 0.3 1
100 878 150 30 0.1 5
100 878 150 30 0.2 5
100 878 150 30 0.3 5
100 878 50 10 0.1 0
100 878 50 10 0.2 0
100 878 50 10 0.3 0
100 878 50 10 0.1 1
100 878 50 10 0.2 1
100 878 50 10 0.3 1
100 878 50 10 0.1 5
100 878 50 10 0.2 5
100 878 50 10 0.3 5
