1 89 150 30 0.1 0 40
1 89 150 30 0.2 0 40
1 89 150 30 0.3 0 40
1 89 150 30 0.1 5 40
1 89 150 30 0.2 5 40
1 89 150 30 0.3 5 40
1 89 150 30 0.1 10 40
1 89 150 30 0.2 10 40
1 89 150 30 0.3 10 40
2 331 150 30 0.1 0 40
2 331 150 30 0.2 0 40
2 331 150 30 0.3 0 40
2 331 150 30 0.1 5 40
2 331 150 30 0.2 5 40
2 331 150 30 0.3 5 40
2 331 150 30 0.1 10 40
2 331 150 30 0.2 10 40
2 331 150 30 0.3 10 40
3 628 150 30 0.1 0 40
3 628 150 30 0.2 0 40
3 628 150 30 0.3 0 40
3 628 150 30 0.1 5 40
3 628 150 30 0.2 5 40
3 628 150 30 0.3 5 40
3 628 150 30 0.1 10 40
3 628 150 30 0.2 10 40
3 628 150 30 0.3 10 40
4 958 150 30 0.1 0 40
4 958 150 30 0.2 0 40
4 958 150 30 0.3 0 40
4 958 150 30 0.1 5 40
4 958 150 30 0.2 5 40
4 958 150 30 0.3 5 40
4 958 150 30 0.1 10 40
4 958 150 30 0.2 10 40
4 958 150 30 0.3 10 40
5 619 150 30 0.1 0 40
5 619 150 30 0.2 0 40
5 619 150 30 0.3 0 40
5 619 150 30 0.1 5 40
5 619 150 30 0.2 5 40
5 619 150 30 0.3 5 40
5 619 150 30 0.1 10 40
5 619 150 30 0.2 10 40
5 619 150 30 0.3 10 40
6 41 150 30 0.1 0 40
6 41 150 30 0.2 0 40
6 41 150 30 0.3 0 40
6 41 150 30 0.1 5 40
6 41 150 30 0.2 5 40
6 41 150 30 0.3 5 40
6 41 150 30 0.1 10 40
6 41 150 30 0.2 10 40
6 41 150 30 0.3 10 40
7 216 150 30 0.1 0 40
7 216 150 30 0.2 0 40
7 216 150 30 0.3 0 40
7 216 150 30 0.1 5 40
7 216 150 30 0.2 5 40
7 216 150 30 0.3 5 40
7 216 150 30 0.1 10 40
7 216 150 30 0.2 10 40
7 216 150 30 0.3 10 40
8 960 150 30 0.1 0 40
8 960 150 30 0.2 0 40
8 960 150 30 0.3 0 40
8 960 150 30 0.1 5 40
8 960 150 30 0.2 5 40
8 960 150 30 0.3 5 40
8 960 150 30 0.1 10 40
8 960 150 30 0.2 10 40
8 960 150 30 0.3 10 40
9 137 150 30 0.1 0 40
9 137 150 30 0.2 0 40
9 137 150 30 0.3 0 40
9 137 150 30 0.1 5 40
9 137 150 30 0.2 5 40
9 137 150 30 0.3 5 40
9 137 150 30 0.1 10 40
9 137 150 30 0.2 10 40
9 137 150 30 0.3 10 40
10 63 150 30 0.1 0 40
10 63 150 30 0.2 0 40
10 63 150 30 0.3 0 40
10 63 150 30 0.1 5 40
10 63 150 30 0.2 5 40
10 63 150 30 0.3 5 40
10 63 150 30 0.1 10 40
10 63 150 30 0.2 10 40
10 63 150 30 0.3 10 40
11 435 150 30 0.1 0 40
11 435 150 30 0.2 0 40
11 435 150 30 0.3 0 40
11 435 150 30 0.1 5 40
11 435 150 30 0.2 5 40
11 435 150 30 0.3 5 40
11 435 150 30 0.1 10 40
11 435 150 30 0.2 10 40
11 435 150 30 0.3 10 40
12 140 150 30 0.1 0 40
12 140 150 30 0.2 0 40
12 140 150 30 0.3 0 40
12 140 150 30 0.1 5 40
12 140 150 30 0.2 5 40
12 140 150 30 0.3 5 40
12 140 150 30 0.1 10 40
12 140 150 30 0.2 10 40
12 140 150 30 0.3 10 40
13 442 150 30 0.1 0 40
13 442 150 30 0.2 0 40
13 442 150 30 0.3 0 40
13 442 150 30 0.1 5 40
13 442 150 30 0.2 5 40
13 442 150 30 0.3 5 40
13 442 150 30 0.1 10 40
13 442 150 30 0.2 10 40
13 442 150 30 0.3 10 40
14 262 150 30 0.1 0 40
14 262 150 30 0.2 0 40
14 262 150 30 0.3 0 40
14 262 150 30 0.1 5 40
14 262 150 30 0.2 5 40
14 262 150 30 0.3 5 40
14 262 150 30 0.1 10 40
14 262 150 30 0.2 10 40
14 262 150 30 0.3 10 40
15 65 150 30 0.1 0 40
15 65 150 30 0.2 0 40
15 65 150 30 0.3 0 40
15 65 150 30 0.1 5 40
15 65 150 30 0.2 5 40
15 65 150 30 0.3 5 40
15 65 150 30 0.1 10 40
15 65 150 30 0.2 10 40
15 65 150 30 0.3 10 40
16 253 150 30 0.1 0 40
16 253 150 30 0.2 0 40
16 253 150 30 0.3 0 40
16 253 150 30 0.1 5 40
16 253 150 30 0.2 5 40
16 253 150 30 0.3 5 40
16 253 150 30 0.1 10 40
16 253 150 30 0.2 10 40
16 253 150 30 0.3 10 40
17 678 150 30 0.1 0 40
17 678 150 30 0.2 0 40
17 678 150 30 0.3 0 40
17 678 150 30 0.1 5 40
17 678 150 30 0.2 5 40
17 678 150 30 0.3 5 40
17 678 150 30 0.1 10 40
17 678 150 30 0.2 10 40
17 678 150 30 0.3 10 40
18 274 150 30 0.1 0 40
18 274 150 30 0.2 0 40
18 274 150 30 0.3 0 40
18 274 150 30 0.1 5 40
18 274 150 30 0.2 5 40
18 274 150 30 0.3 5 40
18 274 150 30 0.1 10 40
18 274 150 30 0.2 10 40
18 274 150 30 0.3 10 40
19 19 150 30 0.1 0 40
19 19 150 30 0.2 0 40
19 19 150 30 0.3 0 40
19 19 150 30 0.1 5 40
19 19 150 30 0.2 5 40
19 19 150 30 0.3 5 40
19 19 150 30 0.1 10 40
19 19 150 30 0.2 10 40
19 19 150 30 0.3 10 40
20 380 150 30 0.1 0 40
20 380 150 30 0.2 0 40
20 380 150 30 0.3 0 40
20 380 150 30 0.1 5 40
20 380 150 30 0.2 5 40
20 380 150 30 0.3 5 40
20 380 150 30 0.1 10 40
20 380 150 30 0.2 10 40
20 380 150 30 0.3 10 40
21 581 150 30 0.1 0 40
21 581 150 30 0.2 0 40
21 581 150 30 0.3 0 40
21 581 150 30 0.1 5 40
21 581 150 30 0.2 5 40
21 581 150 30 0.3 5 40
21 581 150 30 0.1 10 40
21 581 150 30 0.2 10 40
21 581 150 30 0.3 10 40
22 558 150 30 0.1 0 40
22 558 150 30 0.2 0 40
22 558 150 30 0.3 0 40
22 558 150 30 0.1 5 40
22 558 150 30 0.2 5 40
22 558 150 30 0.3 5 40
22 558 150 30 0.1 10 40
22 558 150 30 0.2 10 40
22 558 150 30 0.3 10 40
23 513 150 30 0.1 0 40
23 513 150 30 0.2 0 40
23 513 150 30 0.3 0 40
23 513 150 30 0.1 5 40
23 513 150 30 0.2 5 40
23 513 150 30 0.3 5 40
23 513 150 30 0.1 10 40
23 513 150 30 0.2 10 40
23 513 150 30 0.3 10 40
24 744 150 30 0.1 0 40
24 744 150 30 0.2 0 40
24 744 150 30 0.3 0 40
24 744 150 30 0.1 5 40
24 744 150 30 0.2 5 40
24 744 150 30 0.3 5 40
24 744 150 30 0.1 10 40
24 744 150 30 0.2 10 40
24 744 150 30 0.3 10 40
25 564 150 30 0.1 0 40
25 564 150 30 0.2 0 40
25 564 150 30 0.3 0 40
25 564 150 30 0.1 5 40
25 564 150 30 0.2 5 40
25 564 150 30 0.3 5 40
25 564 150 30 0.1 10 40
25 564 150 30 0.2 10 40
25 564 150 30 0.3 10 40
26 675 150 30 0.1 0 40
26 675 150 30 0.2 0 40
26 675 150 30 0.3 0 40
26 675 150 30 0.1 5 40
26 675 150 30 0.2 5 40
26 675 150 30 0.3 5 40
26 675 150 30 0.1 10 40
26 675 150 30 0.2 10 40
26 675 150 30 0.3 10 40
27 437 150 30 0.1 0 40
27 437 150 30 0.2 0 40
27 437 150 30 0.3 0 40
27 437 150 30 0.1 5 40
27 437 150 30 0.2 5 40
27 437 150 30 0.3 5 40
27 437 150 30 0.1 10 40
27 437 150 30 0.2 10 40
27 437 150 30 0.3 10 40
28 867 150 30 0.1 0 40
28 867 150 30 0.2 0 40
28 867 150 30 0.3 0 40
28 867 150 30 0.1 5 40
28 867 150 30 0.2 5 40
28 867 150 30 0.3 5 40
28 867 150 30 0.1 10 40
28 867 150 30 0.2 10 40
28 867 150 30 0.3 10 40
29 204 150 30 0.1 0 40
29 204 150 30 0.2 0 40
29 204 150 30 0.3 0 40
29 204 150 30 0.1 5 40
29 204 150 30 0.2 5 40
29 204 150 30 0.3 5 40
29 204 150 30 0.1 10 40
29 204 150 30 0.2 10 40
29 204 150 30 0.3 10 40
30 959 150 30 0.1 0 40
30 959 150 30 0.2 0 40
30 959 150 30 0.3 0 40
30 959 150 30 0.1 5 40
30 959 150 30 0.2 5 40
30 959 150 30 0.3 5 40
30 959 150 30 0.1 10 40
30 959 150 30 0.2 10 40
30 959 150 30 0.3 10 40
31 881 150 30 0.1 0 40
31 881 150 30 0.2 0 40
31 881 150 30 0.3 0 40
31 881 150 30 0.1 5 40
31 881 150 30 0.2 5 40
31 881 150 30 0.3 5 40
31 881 150 30 0.1 10 40
31 881 150 30 0.2 10 40
31 881 150 30 0.3 10 40
32 590 150 30 0.1 0 40
32 590 150 30 0.2 0 40
32 590 150 30 0.3 0 40
32 590 150 30 0.1 5 40
32 590 150 30 0.2 5 40
32 590 150 30 0.3 5 40
32 590 150 30 0.1 10 40
32 590 150 30 0.2 10 40
32 590 150 30 0.3 10 40
33 11 150 30 0.1 0 40
33 11 150 30 0.2 0 40
33 11 150 30 0.3 0 40
33 11 150 30 0.1 5 40
33 11 150 30 0.2 5 40
33 11 150 30 0.3 5 40
33 11 150 30 0.1 10 40
33 11 150 30 0.2 10 40
33 11 150 30 0.3 10 40
34 308 150 30 0.1 0 40
34 308 150 30 0.2 0 40
34 308 150 30 0.3 0 40
34 308 150 30 0.1 5 40
34 308 150 30 0.2 5 40
34 308 150 30 0.3 5 40
34 308 150 30 0.1 10 40
34 308 150 30 0.2 10 40
34 308 150 30 0.3 10 40
35 209 150 30 0.1 0 40
35 209 150 30 0.2 0 40
35 209 150 30 0.3 0 40
35 209 150 30 0.1 5 40
35 209 150 30 0.2 5 40
35 209 150 30 0.3 5 40
35 209 150 30 0.1 10 40
35 209 150 30 0.2 10 40
35 209 150 30 0.3 10 40
36 966 150 30 0.1 0 40
36 966 150 30 0.2 0 40
36 966 150 30 0.3 0 40
36 966 150 30 0.1 5 40
36 966 150 30 0.2 5 40
36 966 150 30 0.3 5 40
36 966 150 30 0.1 10 40
36 966 150 30 0.2 10 40
36 966 150 30 0.3 10 40
37 58 150 30 0.1 0 40
37 58 150 30 0.2 0 40
37 58 150 30 0.3 0 40
37 58 150 30 0.1 5 40
37 58 150 30 0.2 5 40
37 58 150 30 0.3 5 40
37 58 150 30 0.1 10 40
37 58 150 30 0.2 10 40
37 58 150 30 0.3 10 40
38 735 150 30 0.1 0 40
38 735 150 30 0.2 0 40
38 735 150 30 0.3 0 40
38 735 150 30 0.1 5 40
38 735 150 30 0.2 5 40
38 735 150 30 0.3 5 40
38 735 150 30 0.1 10 40
38 735 150 30 0.2 10 40
38 735 150 30 0.3 10 40
39 419 150 30 0.1 0 40
39 419 150 30 0.2 0 40
39 419 150 30 0.3 0 40
39 419 150 30 0.1 5 40
39 419 150 30 0.2 5 40
39 419 150 30 0.3 5 40
39 419 150 30 0.1 10 40
39 419 150 30 0.2 10 40
39 419 150 30 0.3 10 40
40 361 150 30 0.1 0 40
40 361 150 30 0.2 0 40
40 361 150 30 0.3 0 40
40 361 150 30 0.1 5 40
40 361 150 30 0.2 5 40
40 361 150 30 0.3 5 40
40 361 150 30 0.1 10 40
40 361 150 30 0.2 10 40
40 361 150 30 0.3 10 40
41 878 150 30 0.1 0 40
41 878 150 30 0.2 0 40
41 878 150 30 0.3 0 40
41 878 150 30 0.1 5 40
41 878 150 30 0.2 5 40
41 878 150 30 0.3 5 40
41 878 150 30 0.1 10 40
41 878 150 30 0.2 10 40
41 878 150 30 0.3 10 40
42 390 150 30 0.1 0 40
42 390 150 30 0.2 0 40
42 390 150 30 0.3 0 40
42 390 150 30 0.1 5 40
42 390 150 30 0.2 5 40
42 390 150 30 0.3 5 40
42 390 150 30 0.1 10 40
42 390 150 30 0.2 10 40
42 390 150 30 0.3 10 40
43 762 150 30 0.1 0 40
43 762 150 30 0.2 0 40
43 762 150 30 0.3 0 40
43 762 150 30 0.1 5 40
43 762 150 30 0.2 5 40
43 762 150 30 0.3 5 40
43 762 150 30 0.1 10 40
43 762 150 30 0.2 10 40
43 762 150 30 0.3 10 40
44 945 150 30 0.1 0 40
44 945 150 30 0.2 0 40
44 945 150 30 0.3 0 40
44 945 150 30 0.1 5 40
44 945 150 30 0.2 5 40
44 945 150 30 0.3 5 40
44 945 150 30 0.1 10 40
44 945 150 30 0.2 10 40
44 945 150 30 0.3 10 40
45 321 150 30 0.1 0 40
45 321 150 30 0.2 0 40
45 321 150 30 0.3 0 40
45 321 150 30 0.1 5 40
45 321 150 30 0.2 5 40
45 321 150 30 0.3 5 40
45 321 150 30 0.1 10 40
45 321 150 30 0.2 10 40
45 321 150 30 0.3 10 40
46 863 150 30 0.1 0 40
46 863 150 30 0.2 0 40
46 863 150 30 0.3 0 40
46 863 150 30 0.1 5 40
46 863 150 30 0.2 5 40
46 863 150 30 0.3 5 40
46 863 150 30 0.1 10 40
46 863 150 30 0.2 10 40
46 863 150 30 0.3 10 40
47 962 150 30 0.1 0 40
47 962 150 30 0.2 0 40
47 962 150 30 0.3 0 40
47 962 150 30 0.1 5 40
47 962 150 30 0.2 5 40
47 962 150 30 0.3 5 40
47 962 150 30 0.1 10 40
47 962 150 30 0.2 10 40
47 962 150 30 0.3 10 40
48 998 150 30 0.1 0 40
48 998 150 30 0.2 0 40
48 998 150 30 0.3 0 40
48 998 150 30 0.1 5 40
48 998 150 30 0.2 5 40
48 998 150 30 0.3 5 40
48 998 150 30 0.1 10 40
48 998 150 30 0.2 10 40
48 998 150 30 0.3 10 40
49 904 150 30 0.1 0 40
49 904 150 30 0.2 0 40
49 904 150 30 0.3 0 40
49 904 150 30 0.1 5 40
49 904 150 30 0.2 5 40
49 904 150 30 0.3 5 40
49 904 150 30 0.1 10 40
49 904 150 30 0.2 10 40
49 904 150 30 0.3 10 40
50 240 150 30 0.1 0 40
50 240 150 30 0.2 0 40
50 240 150 30 0.3 0 40
50 240 150 30 0.1 5 40
50 240 150 30 0.2 5 40
50 240 150 30 0.3 5 40
50 240 150 30 0.1 10 40
50 240 150 30 0.2 10 40
50 240 150 30 0.3 10 40
51 639 150 30 0.1 0 40
51 639 150 30 0.2 0 40
51 639 150 30 0.3 0 40
51 639 150 30 0.1 5 40
51 639 150 30 0.2 5 40
51 639 150 30 0.3 5 40
51 639 150 30 0.1 10 40
51 639 150 30 0.2 10 40
51 639 150 30 0.3 10 40
52 334 150 30 0.1 0 40
52 334 150 30 0.2 0 40
52 334 150 30 0.3 0 40
52 334 150 30 0.1 5 40
52 334 150 30 0.2 5 40
52 334 150 30 0.3 5 40
52 334 150 30 0.1 10 40
52 334 150 30 0.2 10 40
52 334 150 30 0.3 10 40
53 78 150 30 0.1 0 40
53 78 150 30 0.2 0 40
53 78 150 30 0.3 0 40
53 78 150 30 0.1 5 40
53 78 150 30 0.2 5 40
53 78 150 30 0.3 5 40
53 78 150 30 0.1 10 40
53 78 150 30 0.2 10 40
53 78 150 30 0.3 10 40
54 97 150 30 0.1 0 40
54 97 150 30 0.2 0 40
54 97 150 30 0.3 0 40
54 97 150 30 0.1 5 40
54 97 150 30 0.2 5 40
54 97 150 30 0.3 5 40
54 97 150 30 0.1 10 40
54 97 150 30 0.2 10 40
54 97 150 30 0.3 10 40
55 618 150 30 0.1 0 40
55 618 150 30 0.2 0 40
55 618 150 30 0.3 0 40
55 618 150 30 0.1 5 40
55 618 150 30 0.2 5 40
55 618 150 30 0.3 5 40
55 618 150 30 0.1 10 40
55 618 150 30 0.2 10 40
55 618 150 30 0.3 10 40
56 891 150 30 0.1 0 40
56 891 150 30 0.2 0 40
56 891 150 30 0.3 0 40
56 891 150 30 0.1 5 40
56 891 150 30 0.2 5 40
56 891 150 30 0.3 5 40
56 891 150 30 0.1 10 40
56 891 150 30 0.2 10 40
56 891 150 30 0.3 10 40
57 677 150 30 0.1 0 40
57 677 150 30 0.2 0 40
57 677 150 30 0.3 0 40
57 677 150 30 0.1 5 40
57 677 150 30 0.2 5 40
57 677 150 30 0.3 5 40
57 677 150 30 0.1 10 40
57 677 150 30 0.2 10 40
57 677 150 30 0.3 10 40
58 657 150 30 0.1 0 40
58 657 150 30 0.2 0 40
58 657 150 30 0.3 0 40
58 657 150 30 0.1 5 40
58 657 150 30 0.2 5 40
58 657 150 30 0.3 5 40
58 657 150 30 0.1 10 40
58 657 150 30 0.2 10 40
58 657 150 30 0.3 10 40
59 49 150 30 0.1 0 40
59 49 150 30 0.2 0 40
59 49 150 30 0.3 0 40
59 49 150 30 0.1 5 40
59 49 150 30 0.2 5 40
59 49 150 30 0.3 5 40
59 49 150 30 0.1 10 40
59 49 150 30 0.2 10 40
59 49 150 30 0.3 10 40
60 612 150 30 0.1 0 40
60 612 150 30 0.2 0 40
60 612 150 30 0.3 0 40
60 612 150 30 0.1 5 40
60 612 150 30 0.2 5 40
60 612 150 30 0.3 5 40
60 612 150 30 0.1 10 40
60 612 150 30 0.2 10 40
60 612 150 30 0.3 10 40
61 963 150 30 0.1 0 40
61 963 150 30 0.2 0 40
61 963 150 30 0.3 0 40
61 963 150 30 0.1 5 40
61 963 150 30 0.2 5 40
61 963 150 30 0.3 5 40
61 963 150 30 0.1 10 40
61 963 150 30 0.2 10 40
61 963 150 30 0.3 10 40
62 909 150 30 0.1 0 40
62 909 150 30 0.2 0 40
62 909 150 30 0.3 0 40
62 909 150 30 0.1 5 40
62 909 150 30 0.2 5 40
62 909 150 30 0.3 5 40
62 909 150 30 0.1 10 40
62 909 150 30 0.2 10 40
62 909 150 30 0.3 10 40
63 233 150 30 0.1 0 40
63 233 150 30 0.2 0 40
63 233 150 30 0.3 0 40
63 233 150 30 0.1 5 40
63 233 150 30 0.2 5 40
63 233 150 30 0.3 5 40
63 233 150 30 0.1 10 40
63 233 150 30 0.2 10 40
63 233 150 30 0.3 10 40
64 174 150 30 0.1 0 40
64 174 150 30 0.2 0 40
64 174 150 30 0.3 0 40
64 174 150 30 0.1 5 40
64 174 150 30 0.2 5 40
64 174 150 30 0.3 5 40
64 174 150 30 0.1 10 40
64 174 150 30 0.2 10 40
64 174 150 30 0.3 10 40
65 126 150 30 0.1 0 40
65 126 150 30 0.2 0 40
65 126 150 30 0.3 0 40
65 126 150 30 0.1 5 40
65 126 150 30 0.2 5 40
65 126 150 30 0.3 5 40
65 126 150 30 0.1 10 40
65 126 150 30 0.2 10 40
65 126 150 30 0.3 10 40
66 186 150 30 0.1 0 40
66 186 150 30 0.2 0 40
66 186 150 30 0.3 0 40
66 186 150 30 0.1 5 40
66 186 150 30 0.2 5 40
66 186 150 30 0.3 5 40
66 186 150 30 0.1 10 40
66 186 150 30 0.2 10 40
66 186 150 30 0.3 10 40
67 344 150 30 0.1 0 40
67 344 150 30 0.2 0 40
67 344 150 30 0.3 0 40
67 344 150 30 0.1 5 40
67 344 150 30 0.2 5 40
67 344 150 30 0.3 5 40
67 344 150 30 0.1 10 40
67 344 150 30 0.2 10 40
67 344 150 30 0.3 10 40
68 359 150 30 0.1 0 40
68 359 150 30 0.2 0 40
68 359 150 30 0.3 0 40
68 359 150 30 0.1 5 40
68 359 150 30 0.2 5 40
68 359 150 30 0.3 5 40
68 359 150 30 0.1 10 40
68 359 150 30 0.2 10 40
68 359 150 30 0.3 10 40
69 527 150 30 0.1 0 40
69 527 150 30 0.2 0 40
69 527 150 30 0.3 0 40
69 527 150 30 0.1 5 40
69 527 150 30 0.2 5 40
69 527 150 30 0.3 5 40
69 527 150 30 0.1 10 40
69 527 150 30 0.2 10 40
69 527 150 30 0.3 10 40
70 432 150 30 0.1 0 40
70 432 150 30 0.2 0 40
70 432 150 30 0.3 0 40
70 432 150 30 0.1 5 40
70 432 150 30 0.2 5 40
70 432 150 30 0.3 5 40
70 432 150 30 0.1 10 40
70 432 150 30 0.2 10 40
70 432 150 30 0.3 10 40
71 968 150 30 0.1 0 40
71 968 150 30 0.2 0 40
71 968 150 30 0.3 0 40
71 968 150 30 0.1 5 40
71 968 150 30 0.2 5 40
71 968 150 30 0.3 5 40
71 968 150 30 0.1 10 40
71 968 150 30 0.2 10 40
71 968 150 30 0.3 10 40
72 714 150 30 0.1 0 40
72 714 150 30 0.2 0 40
72 714 150 30 0.3 0 40
72 714 150 30 0.1 5 40
72 714 150 30 0.2 5 40
72 714 150 30 0.3 5 40
72 714 150 30 0.1 10 40
72 714 150 30 0.2 10 40
72 714 150 30 0.3 10 40
73 37 150 30 0.1 0 40
73 37 150 30 0.2 0 40
73 37 150 30 0.3 0 40
73 37 150 30 0.1 5 40
73 37 150 30 0.2 5 40
73 37 150 30 0.3 5 40
73 37 150 30 0.1 10 40
73 37 150 30 0.2 10 40
73 37 150 30 0.3 10 40
74 573 150 30 0.1 0 40
74 573 150 30 0.2 0 40
74 573 150 30 0.3 0 40
74 573 150 30 0.1 5 40
74 573 150 30 0.2 5 40
74 573 150 30 0.3 5 40
74 573 150 30 0.1 10 40
74 573 150 30 0.2 10 40
74 573 150 30 0.3 10 40
75 544 150 30 0.1 0 40
75 544 150 30 0.2 0 40
75 544 150 30 0.3 0 40
75 544 150 30 0.1 5 40
75 544 150 30 0.2 5 40
75 544 150 30 0.3 5 40
75 544 150 30 0.1 10 40
75 544 150 30 0.2 10 40
75 544 150 30 0.3 10 40
76 178 150 30 0.1 0 40
76 178 150 30 0.2 0 40
76 178 150 30 0.3 0 40
76 178 150 30 0.1 5 40
76 178 150 30 0.2 5 40
76 178 150 30 0.3 5 40
76 178 150 30 0.1 10 40
76 178 150 30 0.2 10 40
76 178 150 30 0.3 10 40
77 48 150 30 0.1 0 40
77 48 150 30 0.2 0 40
77 48 150 30 0.3 0 40
77 48 150 30 0.1 5 40
77 48 150 30 0.2 5 40
77 48 150 30 0.3 5 40
77 48 150 30 0.1 10 40
77 48 150 30 0.2 10 40
77 48 150 30 0.3 10 40
78 106 150 30 0.1 0 40
78 106 150 30 0.2 0 40
78 106 150 30 0.3 0 40
78 106 150 30 0.1 5 40
78 106 150 30 0.2 5 40
78 106 150 30 0.3 5 40
78 106 150 30 0.1 10 40
78 106 150 30 0.2 10 40
78 106 150 30 0.3 10 40
79 175 150 30 0.1 0 40
79 175 150 30 0.2 0 40
79 175 150 30 0.3 0 40
79 175 150 30 0.1 5 40
79 175 150 30 0.2 5 40
79 175 150 30 0.3 5 40
79 175 150 30 0.1 10 40
79 175 150 30 0.2 10 40
79 175 150 30 0.3 10 40
80 828 150 30 0.1 0 40
80 828 150 30 0.2 0 40
80 828 150 30 0.3 0 40
80 828 150 30 0.1 5 40
80 828 150 30 0.2 5 40
80 828 150 30 0.3 5 40
80 828 150 30 0.1 10 40
80 828 150 30 0.2 10 40
80 828 150 30 0.3 10 40
81 754 150 30 0.1 0 40
81 754 150 30 0.2 0 40
81 754 150 30 0.3 0 40
81 754 150 30 0.1 5 40
81 754 150 30 0.2 5 40
81 754 150 30 0.3 5 40
81 754 150 30 0.1 10 40
81 754 150 30 0.2 10 40
81 754 150 30 0.3 10 40
82 511 150 30 0.1 0 40
82 511 150 30 0.2 0 40
82 511 150 30 0.3 0 40
82 511 150 30 0.1 5 40
82 511 150 30 0.2 5 40
82 511 150 30 0.3 5 40
82 511 150 30 0.1 10 40
82 511 150 30 0.2 10 40
82 511 150 30 0.3 10 40
83 576 150 30 0.1 0 40
83 576 150 30 0.2 0 40
83 576 150 30 0.3 0 40
83 576 150 30 0.1 5 40
83 576 150 30 0.2 5 40
83 576 150 30 0.3 5 40
83 576 150 30 0.1 10 40
83 576 150 30 0.2 10 40
83 576 150 30 0.3 10 40
84 584 150 30 0.1 0 40
84 584 150 30 0.2 0 40
84 584 150 30 0.3 0 40
84 584 150 30 0.1 5 40
84 584 150 30 0.2 5 40
84 584 150 30 0.3 5 40
84 584 150 30 0.1 10 40
84 584 150 30 0.2 10 40
84 584 150 30 0.3 10 40
85 462 150 30 0.1 0 40
85 462 150 30 0.2 0 40
85 462 150 30 0.3 0 40
85 462 150 30 0.1 5 40
85 462 150 30 0.2 5 40
85 462 150 30 0.3 5 40
85 462 150 30 0.1 10 40
85 462 150 30 0.2 10 40
85 462 150 30 0.3 10 40
86 198 150 30 0.1 0 40
86 198 150 30 0.2 0 40
86 198 150 30 0.3 0 40
86 198 150 30 0.1 5 40
86 198 150 30 0.2 5 40
86 198 150 30 0.3 5 40
86 198 150 30 0.1 10 40
86 198 150 30 0.2 10 40
86 198 150 30 0.3 10 40
87 702 150 30 0.1 0 40
87 702 150 30 0.2 0 40
87 702 150 30 0.3 0 40
87 702 150 30 0.1 5 40
87 702 150 30 0.2 5 40
87 702 150 30 0.3 5 40
87 702 150 30 0.1 10 40
87 702 150 30 0.2 10 40
87 702 150 30 0.3 10 40
88 742 150 30 0.1 0 40
88 742 150 30 0.2 0 40
88 742 150 30 0.3 0 40
88 742 150 30 0.1 5 40
88 742 150 30 0.2 5 40
88 742 150 30 0.3 5 40
88 742 150 30 0.1 10 40
88 742 150 30 0.2 10 40
88 742 150 30 0.3 10 40
89 647 150 30 0.1 0 40
89 647 150 30 0.2 0 40
89 647 150 30 0.3 0 40
89 647 150 30 0.1 5 40
89 647 150 30 0.2 5 40
89 647 150 30 0.3 5 40
89 647 150 30 0.1 10 40
89 647 150 30 0.2 10 40
89 647 150 30 0.3 10 40
90 873 150 30 0.1 0 40
90 873 150 30 0.2 0 40
90 873 150 30 0.3 0 40
90 873 150 30 0.1 5 40
90 873 150 30 0.2 5 40
90 873 150 30 0.3 5 40
90 873 150 30 0.1 10 40
90 873 150 30 0.2 10 40
90 873 150 30 0.3 10 40
91 302 150 30 0.1 0 40
91 302 150 30 0.2 0 40
91 302 150 30 0.3 0 40
91 302 150 30 0.1 5 40
91 302 150 30 0.2 5 40
91 302 150 30 0.3 5 40
91 302 150 30 0.1 10 40
91 302 150 30 0.2 10 40
91 302 150 30 0.3 10 40
92 846 150 30 0.1 0 40
92 846 150 30 0.2 0 40
92 846 150 30 0.3 0 40
92 846 150 30 0.1 5 40
92 846 150 30 0.2 5 40
92 846 150 30 0.3 5 40
92 846 150 30 0.1 10 40
92 846 150 30 0.2 10 40
92 846 150 30 0.3 10 40
93 339 150 30 0.1 0 40
93 339 150 30 0.2 0 40
93 339 150 30 0.3 0 40
93 339 150 30 0.1 5 40
93 339 150 30 0.2 5 40
93 339 150 30 0.3 5 40
93 339 150 30 0.1 10 40
93 339 150 30 0.2 10 40
93 339 150 30 0.3 10 40
94 852 150 30 0.1 0 40
94 852 150 30 0.2 0 40
94 852 150 30 0.3 0 40
94 852 150 30 0.1 5 40
94 852 150 30 0.2 5 40
94 852 150 30 0.3 5 40
94 852 150 30 0.1 10 40
94 852 150 30 0.2 10 40
94 852 150 30 0.3 10 40
95 724 150 30 0.1 0 40
95 724 150 30 0.2 0 40
95 724 150 30 0.3 0 40
95 724 150 30 0.1 5 40
95 724 150 30 0.2 5 40
95 724 150 30 0.3 5 40
95 724 150 30 0.1 10 40
95 724 150 30 0.2 10 40
95 724 150 30 0.3 10 40
96 992 150 30 0.1 0 40
96 992 150 30 0.2 0 40
96 992 150 30 0.3 0 40
96 992 150 30 0.1 5 40
96 992 150 30 0.2 5 40
96 992 150 30 0.3 5 40
96 992 150 30 0.1 10 40
96 992 150 30 0.2 10 40
96 992 150 30 0.3 10 40
97 908 150 30 0.1 0 40
97 908 150 30 0.2 0 40
97 908 150 30 0.3 0 40
97 908 150 30 0.1 5 40
97 908 150 30 0.2 5 40
97 908 150 30 0.3 5 40
97 908 150 30 0.1 10 40
97 908 150 30 0.2 10 40
97 908 150 30 0.3 10 40
98 680 150 30 0.1 0 40
98 680 150 30 0.2 0 40
98 680 150 30 0.3 0 40
98 680 150 30 0.1 5 40
98 680 150 30 0.2 5 40
98 680 150 30 0.3 5 40
98 680 150 30 0.1 10 40
98 680 150 30 0.2 10 40
98 680 150 30 0.3 10 40
99 391 150 30 0.1 0 40
99 391 150 30 0.2 0 40
99 391 150 30 0.3 0 40
99 391 150 30 0.1 5 40
99 391 150 30 0.2 5 40
99 391 150 30 0.3 5 40
99 391 150 30 0.1 10 40
99 391 150 30 0.2 10 40
99 391 150 30 0.3 10 40
100 870 150 30 0.1 0 40
100 870 150 30 0.2 0 40
100 870 150 30 0.3 0 40
100 870 150 30 0.1 5 40
100 870 150 30 0.2 5 40
100 870 150 30 0.3 5 40
100 870 150 30 0.1 10 40
100 870 150 30 0.2 10 40
100 870 150 30 0.3 10 40
