1 119 10 10 0.1
1 119 10 10 0.2
1 119 10 10 0.3
1 119 70 70 0.1
1 119 70 70 0.2
1 119 70 70 0.3
1 119 10 50 0.1
1 119 10 50 0.2
1 119 10 50 0.3
1 119 30 150 0.1
1 119 30 150 0.2
1 119 30 150 0.3
1 119 50 10 0.1
1 119 50 10 0.2
1 119 50 10 0.3
1 119 150 30 0.1
1 119 150 30 0.2
1 119 150 30 0.3
2 8 10 10 0.1
2 8 10 10 0.2
2 8 10 10 0.3
2 8 70 70 0.1
2 8 70 70 0.2
2 8 70 70 0.3
2 8 10 50 0.1
2 8 10 50 0.2
2 8 10 50 0.3
2 8 30 150 0.1
2 8 30 150 0.2
2 8 30 150 0.3
2 8 50 10 0.1
2 8 50 10 0.2
2 8 50 10 0.3
2 8 150 30 0.1
2 8 150 30 0.2
2 8 150 30 0.3
3 589 10 10 0.1
3 589 10 10 0.2
3 589 10 10 0.3
3 589 70 70 0.1
3 589 70 70 0.2
3 589 70 70 0.3
3 589 10 50 0.1
3 589 10 50 0.2
3 589 10 50 0.3
3 589 30 150 0.1
3 589 30 150 0.2
3 589 30 150 0.3
3 589 50 10 0.1
3 589 50 10 0.2
3 589 50 10 0.3
3 589 150 30 0.1
3 589 150 30 0.2
3 589 150 30 0.3
4 859 10 10 0.1
4 859 10 10 0.2
4 859 10 10 0.3
4 859 70 70 0.1
4 859 70 70 0.2
4 859 70 70 0.3
4 859 10 50 0.1
4 859 10 50 0.2
4 859 10 50 0.3
4 859 30 150 0.1
4 859 30 150 0.2
4 859 30 150 0.3
4 859 50 10 0.1
4 859 50 10 0.2
4 859 50 10 0.3
4 859 150 30 0.1
4 859 150 30 0.2
4 859 150 30 0.3
5 17 10 10 0.1
5 17 10 10 0.2
5 17 10 10 0.3
5 17 70 70 0.1
5 17 70 70 0.2
5 17 70 70 0.3
5 17 10 50 0.1
5 17 10 50 0.2
5 17 10 50 0.3
5 17 30 150 0.1
5 17 30 150 0.2
5 17 30 150 0.3
5 17 50 10 0.1
5 17 50 10 0.2
5 17 50 10 0.3
5 17 150 30 0.1
5 17 150 30 0.2
5 17 150 30 0.3
6 78 10 10 0.1
6 78 10 10 0.2
6 78 10 10 0.3
6 78 70 70 0.1
6 78 70 70 0.2
6 78 70 70 0.3
6 78 10 50 0.1
6 78 10 50 0.2
6 78 10 50 0.3
6 78 30 150 0.1
6 78 30 150 0.2
6 78 30 150 0.3
6 78 50 10 0.1
6 78 50 10 0.2
6 78 50 10 0.3
6 78 150 30 0.1
6 78 150 30 0.2
6 78 150 30 0.3
7 482 10 10 0.1
7 482 10 10 0.2
7 482 10 10 0.3
7 482 70 70 0.1
7 482 70 70 0.2
7 482 70 70 0.3
7 482 10 50 0.1
7 482 10 50 0.2
7 482 10 50 0.3
7 482 30 150 0.1
7 482 30 150 0.2
7 482 30 150 0.3
7 482 50 10 0.1
7 482 50 10 0.2
7 482 50 10 0.3
7 482 150 30 0.1
7 482 150 30 0.2
7 482 150 30 0.3
8 296 10 10 0.1
8 296 10 10 0.2
8 296 10 10 0.3
8 296 70 70 0.1
8 296 70 70 0.2
8 296 70 70 0.3
8 296 10 50 0.1
8 296 10 50 0.2
8 296 10 50 0.3
8 296 30 150 0.1
8 296 30 150 0.2
8 296 30 150 0.3
8 296 50 10 0.1
8 296 50 10 0.2
8 296 50 10 0.3
8 296 150 30 0.1
8 296 150 30 0.2
8 296 150 30 0.3
9 136 10 10 0.1
9 136 10 10 0.2
9 136 10 10 0.3
9 136 70 70 0.1
9 136 70 70 0.2
9 136 70 70 0.3
9 136 10 50 0.1
9 136 10 50 0.2
9 136 10 50 0.3
9 136 30 150 0.1
9 136 30 150 0.2
9 136 30 150 0.3
9 136 50 10 0.1
9 136 50 10 0.2
9 136 50 10 0.3
9 136 150 30 0.1
9 136 150 30 0.2
9 136 150 30 0.3
10 80 10 10 0.1
10 80 10 10 0.2
10 80 10 10 0.3
10 80 70 70 0.1
10 80 70 70 0.2
10 80 70 70 0.3
10 80 10 50 0.1
10 80 10 50 0.2
10 80 10 50 0.3
10 80 30 150 0.1
10 80 30 150 0.2
10 80 30 150 0.3
10 80 50 10 0.1
10 80 50 10 0.2
10 80 50 10 0.3
10 80 150 30 0.1
10 80 150 30 0.2
10 80 150 30 0.3
11 657 10 10 0.1
11 657 10 10 0.2
11 657 10 10 0.3
11 657 70 70 0.1
11 657 70 70 0.2
11 657 70 70 0.3
11 657 10 50 0.1
11 657 10 50 0.2
11 657 10 50 0.3
11 657 30 150 0.1
11 657 30 150 0.2
11 657 30 150 0.3
11 657 50 10 0.1
11 657 50 10 0.2
11 657 50 10 0.3
11 657 150 30 0.1
11 657 150 30 0.2
11 657 150 30 0.3
12 354 10 10 0.1
12 354 10 10 0.2
12 354 10 10 0.3
12 354 70 70 0.1
12 354 70 70 0.2
12 354 70 70 0.3
12 354 10 50 0.1
12 354 10 50 0.2
12 354 10 50 0.3
12 354 30 150 0.1
12 354 30 150 0.2
12 354 30 150 0.3
12 354 50 10 0.1
12 354 50 10 0.2
12 354 50 10 0.3
12 354 150 30 0.1
12 354 150 30 0.2
12 354 150 30 0.3
13 210 10 10 0.1
13 210 10 10 0.2
13 210 10 10 0.3
13 210 70 70 0.1
13 210 70 70 0.2
13 210 70 70 0.3
13 210 10 50 0.1
13 210 10 50 0.2
13 210 10 50 0.3
13 210 30 150 0.1
13 210 30 150 0.2
13 210 30 150 0.3
13 210 50 10 0.1
13 210 50 10 0.2
13 210 50 10 0.3
13 210 150 30 0.1
13 210 150 30 0.2
13 210 150 30 0.3
14 474 10 10 0.1
14 474 10 10 0.2
14 474 10 10 0.3
14 474 70 70 0.1
14 474 70 70 0.2
14 474 70 70 0.3
14 474 10 50 0.1
14 474 10 50 0.2
14 474 10 50 0.3
14 474 30 150 0.1
14 474 30 150 0.2
14 474 30 150 0.3
14 474 50 10 0.1
14 474 50 10 0.2
14 474 50 10 0.3
14 474 150 30 0.1
14 474 150 30 0.2
14 474 150 30 0.3
15 89 10 10 0.1
15 89 10 10 0.2
15 89 10 10 0.3
15 89 70 70 0.1
15 89 70 70 0.2
15 89 70 70 0.3
15 89 10 50 0.1
15 89 10 50 0.2
15 89 10 50 0.3
15 89 30 150 0.1
15 89 30 150 0.2
15 89 30 150 0.3
15 89 50 10 0.1
15 89 50 10 0.2
15 89 50 10 0.3
15 89 150 30 0.1
15 89 150 30 0.2
15 89 150 30 0.3
16 576 10 10 0.1
16 576 10 10 0.2
16 576 10 10 0.3
16 576 70 70 0.1
16 576 70 70 0.2
16 576 70 70 0.3
16 576 10 50 0.1
16 576 10 50 0.2
16 576 10 50 0.3
16 576 30 150 0.1
16 576 30 150 0.2
16 576 30 150 0.3
16 576 50 10 0.1
16 576 50 10 0.2
16 576 50 10 0.3
16 576 150 30 0.1
16 576 150 30 0.2
16 576 150 30 0.3
17 940 10 10 0.1
17 940 10 10 0.2
17 940 10 10 0.3
17 940 70 70 0.1
17 940 70 70 0.2
17 940 70 70 0.3
17 940 10 50 0.1
17 940 10 50 0.2
17 940 10 50 0.3
17 940 30 150 0.1
17 940 30 150 0.2
17 940 30 150 0.3
17 940 50 10 0.1
17 940 50 10 0.2
17 940 50 10 0.3
17 940 150 30 0.1
17 940 150 30 0.2
17 940 150 30 0.3
18 607 10 10 0.1
18 607 10 10 0.2
18 607 10 10 0.3
18 607 70 70 0.1
18 607 70 70 0.2
18 607 70 70 0.3
18 607 10 50 0.1
18 607 10 50 0.2
18 607 10 50 0.3
18 607 30 150 0.1
18 607 30 150 0.2
18 607 30 150 0.3
18 607 50 10 0.1
18 607 50 10 0.2
18 607 50 10 0.3
18 607 150 30 0.1
18 607 150 30 0.2
18 607 150 30 0.3
19 179 10 10 0.1
19 179 10 10 0.2
19 179 10 10 0.3
19 179 70 70 0.1
19 179 70 70 0.2
19 179 70 70 0.3
19 179 10 50 0.1
19 179 10 50 0.2
19 179 10 50 0.3
19 179 30 150 0.1
19 179 30 150 0.2
19 179 30 150 0.3
19 179 50 10 0.1
19 179 50 10 0.2
19 179 50 10 0.3
19 179 150 30 0.1
19 179 150 30 0.2
19 179 150 30 0.3
20 484 10 10 0.1
20 484 10 10 0.2
20 484 10 10 0.3
20 484 70 70 0.1
20 484 70 70 0.2
20 484 70 70 0.3
20 484 10 50 0.1
20 484 10 50 0.2
20 484 10 50 0.3
20 484 30 150 0.1
20 484 30 150 0.2
20 484 30 150 0.3
20 484 50 10 0.1
20 484 50 10 0.2
20 484 50 10 0.3
20 484 150 30 0.1
20 484 150 30 0.2
20 484 150 30 0.3
21 856 10 10 0.1
21 856 10 10 0.2
21 856 10 10 0.3
21 856 70 70 0.1
21 856 70 70 0.2
21 856 70 70 0.3
21 856 10 50 0.1
21 856 10 50 0.2
21 856 10 50 0.3
21 856 30 150 0.1
21 856 30 150 0.2
21 856 30 150 0.3
21 856 50 10 0.1
21 856 50 10 0.2
21 856 50 10 0.3
21 856 150 30 0.1
21 856 150 30 0.2
21 856 150 30 0.3
22 973 10 10 0.1
22 973 10 10 0.2
22 973 10 10 0.3
22 973 70 70 0.1
22 973 70 70 0.2
22 973 70 70 0.3
22 973 10 50 0.1
22 973 10 50 0.2
22 973 10 50 0.3
22 973 30 150 0.1
22 973 30 150 0.2
22 973 30 150 0.3
22 973 50 10 0.1
22 973 50 10 0.2
22 973 50 10 0.3
22 973 150 30 0.1
22 973 150 30 0.2
22 973 150 30 0.3
23 374 10 10 0.1
23 374 10 10 0.2
23 374 10 10 0.3
23 374 70 70 0.1
23 374 70 70 0.2
23 374 70 70 0.3
23 374 10 50 0.1
23 374 10 50 0.2
23 374 10 50 0.3
23 374 30 150 0.1
23 374 30 150 0.2
23 374 30 150 0.3
23 374 50 10 0.1
23 374 50 10 0.2
23 374 50 10 0.3
23 374 150 30 0.1
23 374 150 30 0.2
23 374 150 30 0.3
24 31 10 10 0.1
24 31 10 10 0.2
24 31 10 10 0.3
24 31 70 70 0.1
24 31 70 70 0.2
24 31 70 70 0.3
24 31 10 50 0.1
24 31 10 50 0.2
24 31 10 50 0.3
24 31 30 150 0.1
24 31 30 150 0.2
24 31 30 150 0.3
24 31 50 10 0.1
24 31 50 10 0.2
24 31 50 10 0.3
24 31 150 30 0.1
24 31 150 30 0.2
24 31 150 30 0.3
25 503 10 10 0.1
25 503 10 10 0.2
25 503 10 10 0.3
25 503 70 70 0.1
25 503 70 70 0.2
25 503 70 70 0.3
25 503 10 50 0.1
25 503 10 50 0.2
25 503 10 50 0.3
25 503 30 150 0.1
25 503 30 150 0.2
25 503 30 150 0.3
25 503 50 10 0.1
25 503 50 10 0.2
25 503 50 10 0.3
25 503 150 30 0.1
25 503 150 30 0.2
25 503 150 30 0.3
26 608 10 10 0.1
26 608 10 10 0.2
26 608 10 10 0.3
26 608 70 70 0.1
26 608 70 70 0.2
26 608 70 70 0.3
26 608 10 50 0.1
26 608 10 50 0.2
26 608 10 50 0.3
26 608 30 150 0.1
26 608 30 150 0.2
26 608 30 150 0.3
26 608 50 10 0.1
26 608 50 10 0.2
26 608 50 10 0.3
26 608 150 30 0.1
26 608 150 30 0.2
26 608 150 30 0.3
27 876 10 10 0.1
27 876 10 10 0.2
27 876 10 10 0.3
27 876 70 70 0.1
27 876 70 70 0.2
27 876 70 70 0.3
27 876 10 50 0.1
27 876 10 50 0.2
27 876 10 50 0.3
27 876 30 150 0.1
27 876 30 150 0.2
27 876 30 150 0.3
27 876 50 10 0.1
27 876 50 10 0.2
27 876 50 10 0.3
27 876 150 30 0.1
27 876 150 30 0.2
27 876 150 30 0.3
28 407 10 10 0.1
28 407 10 10 0.2
28 407 10 10 0.3
28 407 70 70 0.1
28 407 70 70 0.2
28 407 70 70 0.3
28 407 10 50 0.1
28 407 10 50 0.2
28 407 10 50 0.3
28 407 30 150 0.1
28 407 30 150 0.2
28 407 30 150 0.3
28 407 50 10 0.1
28 407 50 10 0.2
28 407 50 10 0.3
28 407 150 30 0.1
28 407 150 30 0.2
28 407 150 30 0.3
29 487 10 10 0.1
29 487 10 10 0.2
29 487 10 10 0.3
29 487 70 70 0.1
29 487 70 70 0.2
29 487 70 70 0.3
29 487 10 50 0.1
29 487 10 50 0.2
29 487 10 50 0.3
29 487 30 150 0.1
29 487 30 150 0.2
29 487 30 150 0.3
29 487 50 10 0.1
29 487 50 10 0.2
29 487 50 10 0.3
29 487 150 30 0.1
29 487 150 30 0.2
29 487 150 30 0.3
30 5 10 10 0.1
30 5 10 10 0.2
30 5 10 10 0.3
30 5 70 70 0.1
30 5 70 70 0.2
30 5 70 70 0.3
30 5 10 50 0.1
30 5 10 50 0.2
30 5 10 50 0.3
30 5 30 150 0.1
30 5 30 150 0.2
30 5 30 150 0.3
30 5 50 10 0.1
30 5 50 10 0.2
30 5 50 10 0.3
30 5 150 30 0.1
30 5 150 30 0.2
30 5 150 30 0.3
31 551 10 10 0.1
31 551 10 10 0.2
31 551 10 10 0.3
31 551 70 70 0.1
31 551 70 70 0.2
31 551 70 70 0.3
31 551 10 50 0.1
31 551 10 50 0.2
31 551 10 50 0.3
31 551 30 150 0.1
31 551 30 150 0.2
31 551 30 150 0.3
31 551 50 10 0.1
31 551 50 10 0.2
31 551 50 10 0.3
31 551 150 30 0.1
31 551 150 30 0.2
31 551 150 30 0.3
32 457 10 10 0.1
32 457 10 10 0.2
32 457 10 10 0.3
32 457 70 70 0.1
32 457 70 70 0.2
32 457 70 70 0.3
32 457 10 50 0.1
32 457 10 50 0.2
32 457 10 50 0.3
32 457 30 150 0.1
32 457 30 150 0.2
32 457 30 150 0.3
32 457 50 10 0.1
32 457 50 10 0.2
32 457 50 10 0.3
32 457 150 30 0.1
32 457 150 30 0.2
32 457 150 30 0.3
33 962 10 10 0.1
33 962 10 10 0.2
33 962 10 10 0.3
33 962 70 70 0.1
33 962 70 70 0.2
33 962 70 70 0.3
33 962 10 50 0.1
33 962 10 50 0.2
33 962 10 50 0.3
33 962 30 150 0.1
33 962 30 150 0.2
33 962 30 150 0.3
33 962 50 10 0.1
33 962 50 10 0.2
33 962 50 10 0.3
33 962 150 30 0.1
33 962 150 30 0.2
33 962 150 30 0.3
34 242 10 10 0.1
34 242 10 10 0.2
34 242 10 10 0.3
34 242 70 70 0.1
34 242 70 70 0.2
34 242 70 70 0.3
34 242 10 50 0.1
34 242 10 50 0.2
34 242 10 50 0.3
34 242 30 150 0.1
34 242 30 150 0.2
34 242 30 150 0.3
34 242 50 10 0.1
34 242 50 10 0.2
34 242 50 10 0.3
34 242 150 30 0.1
34 242 150 30 0.2
34 242 150 30 0.3
35 498 10 10 0.1
35 498 10 10 0.2
35 498 10 10 0.3
35 498 70 70 0.1
35 498 70 70 0.2
35 498 70 70 0.3
35 498 10 50 0.1
35 498 10 50 0.2
35 498 10 50 0.3
35 498 30 150 0.1
35 498 30 150 0.2
35 498 30 150 0.3
35 498 50 10 0.1
35 498 50 10 0.2
35 498 50 10 0.3
35 498 150 30 0.1
35 498 150 30 0.2
35 498 150 30 0.3
36 731 10 10 0.1
36 731 10 10 0.2
36 731 10 10 0.3
36 731 70 70 0.1
36 731 70 70 0.2
36 731 70 70 0.3
36 731 10 50 0.1
36 731 10 50 0.2
36 731 10 50 0.3
36 731 30 150 0.1
36 731 30 150 0.2
36 731 30 150 0.3
36 731 50 10 0.1
36 731 50 10 0.2
36 731 50 10 0.3
36 731 150 30 0.1
36 731 150 30 0.2
36 731 150 30 0.3
37 545 10 10 0.1
37 545 10 10 0.2
37 545 10 10 0.3
37 545 70 70 0.1
37 545 70 70 0.2
37 545 70 70 0.3
37 545 10 50 0.1
37 545 10 50 0.2
37 545 10 50 0.3
37 545 30 150 0.1
37 545 30 150 0.2
37 545 30 150 0.3
37 545 50 10 0.1
37 545 50 10 0.2
37 545 50 10 0.3
37 545 150 30 0.1
37 545 150 30 0.2
37 545 150 30 0.3
38 696 10 10 0.1
38 696 10 10 0.2
38 696 10 10 0.3
38 696 70 70 0.1
38 696 70 70 0.2
38 696 70 70 0.3
38 696 10 50 0.1
38 696 10 50 0.2
38 696 10 50 0.3
38 696 30 150 0.1
38 696 30 150 0.2
38 696 30 150 0.3
38 696 50 10 0.1
38 696 50 10 0.2
38 696 50 10 0.3
38 696 150 30 0.1
38 696 150 30 0.2
38 696 150 30 0.3
39 247 10 10 0.1
39 247 10 10 0.2
39 247 10 10 0.3
39 247 70 70 0.1
39 247 70 70 0.2
39 247 70 70 0.3
39 247 10 50 0.1
39 247 10 50 0.2
39 247 10 50 0.3
39 247 30 150 0.1
39 247 30 150 0.2
39 247 30 150 0.3
39 247 50 10 0.1
39 247 50 10 0.2
39 247 50 10 0.3
39 247 150 30 0.1
39 247 150 30 0.2
39 247 150 30 0.3
40 743 10 10 0.1
40 743 10 10 0.2
40 743 10 10 0.3
40 743 70 70 0.1
40 743 70 70 0.2
40 743 70 70 0.3
40 743 10 50 0.1
40 743 10 50 0.2
40 743 10 50 0.3
40 743 30 150 0.1
40 743 30 150 0.2
40 743 30 150 0.3
40 743 50 10 0.1
40 743 50 10 0.2
40 743 50 10 0.3
40 743 150 30 0.1
40 743 150 30 0.2
40 743 150 30 0.3
41 624 10 10 0.1
41 624 10 10 0.2
41 624 10 10 0.3
41 624 70 70 0.1
41 624 70 70 0.2
41 624 70 70 0.3
41 624 10 50 0.1
41 624 10 50 0.2
41 624 10 50 0.3
41 624 30 150 0.1
41 624 30 150 0.2
41 624 30 150 0.3
41 624 50 10 0.1
41 624 50 10 0.2
41 624 50 10 0.3
41 624 150 30 0.1
41 624 150 30 0.2
41 624 150 30 0.3
42 135 10 10 0.1
42 135 10 10 0.2
42 135 10 10 0.3
42 135 70 70 0.1
42 135 70 70 0.2
42 135 70 70 0.3
42 135 10 50 0.1
42 135 10 50 0.2
42 135 10 50 0.3
42 135 30 150 0.1
42 135 30 150 0.2
42 135 30 150 0.3
42 135 50 10 0.1
42 135 50 10 0.2
42 135 50 10 0.3
42 135 150 30 0.1
42 135 150 30 0.2
42 135 150 30 0.3
43 716 10 10 0.1
43 716 10 10 0.2
43 716 10 10 0.3
43 716 70 70 0.1
43 716 70 70 0.2
43 716 70 70 0.3
43 716 10 50 0.1
43 716 10 50 0.2
43 716 10 50 0.3
43 716 30 150 0.1
43 716 30 150 0.2
43 716 30 150 0.3
43 716 50 10 0.1
43 716 50 10 0.2
43 716 50 10 0.3
43 716 150 30 0.1
43 716 150 30 0.2
43 716 150 30 0.3
44 81 10 10 0.1
44 81 10 10 0.2
44 81 10 10 0.3
44 81 70 70 0.1
44 81 70 70 0.2
44 81 70 70 0.3
44 81 10 50 0.1
44 81 10 50 0.2
44 81 10 50 0.3
44 81 30 150 0.1
44 81 30 150 0.2
44 81 30 150 0.3
44 81 50 10 0.1
44 81 50 10 0.2
44 81 50 10 0.3
44 81 150 30 0.1
44 81 150 30 0.2
44 81 150 30 0.3
45 353 10 10 0.1
45 353 10 10 0.2
45 353 10 10 0.3
45 353 70 70 0.1
45 353 70 70 0.2
45 353 70 70 0.3
45 353 10 50 0.1
45 353 10 50 0.2
45 353 10 50 0.3
45 353 30 150 0.1
45 353 30 150 0.2
45 353 30 150 0.3
45 353 50 10 0.1
45 353 50 10 0.2
45 353 50 10 0.3
45 353 150 30 0.1
45 353 150 30 0.2
45 353 150 30 0.3
46 703 10 10 0.1
46 703 10 10 0.2
46 703 10 10 0.3
46 703 70 70 0.1
46 703 70 70 0.2
46 703 70 70 0.3
46 703 10 50 0.1
46 703 10 50 0.2
46 703 10 50 0.3
46 703 30 150 0.1
46 703 30 150 0.2
46 703 30 150 0.3
46 703 50 10 0.1
46 703 50 10 0.2
46 703 50 10 0.3
46 703 150 30 0.1
46 703 150 30 0.2
46 703 150 30 0.3
47 946 10 10 0.1
47 946 10 10 0.2
47 946 10 10 0.3
47 946 70 70 0.1
47 946 70 70 0.2
47 946 70 70 0.3
47 946 10 50 0.1
47 946 10 50 0.2
47 946 10 50 0.3
47 946 30 150 0.1
47 946 30 150 0.2
47 946 30 150 0.3
47 946 50 10 0.1
47 946 50 10 0.2
47 946 50 10 0.3
47 946 150 30 0.1
47 946 150 30 0.2
47 946 150 30 0.3
48 587 10 10 0.1
48 587 10 10 0.2
48 587 10 10 0.3
48 587 70 70 0.1
48 587 70 70 0.2
48 587 70 70 0.3
48 587 10 50 0.1
48 587 10 50 0.2
48 587 10 50 0.3
48 587 30 150 0.1
48 587 30 150 0.2
48 587 30 150 0.3
48 587 50 10 0.1
48 587 50 10 0.2
48 587 50 10 0.3
48 587 150 30 0.1
48 587 150 30 0.2
48 587 150 30 0.3
49 794 10 10 0.1
49 794 10 10 0.2
49 794 10 10 0.3
49 794 70 70 0.1
49 794 70 70 0.2
49 794 70 70 0.3
49 794 10 50 0.1
49 794 10 50 0.2
49 794 10 50 0.3
49 794 30 150 0.1
49 794 30 150 0.2
49 794 30 150 0.3
49 794 50 10 0.1
49 794 50 10 0.2
49 794 50 10 0.3
49 794 150 30 0.1
49 794 150 30 0.2
49 794 150 30 0.3
50 52 10 10 0.1
50 52 10 10 0.2
50 52 10 10 0.3
50 52 70 70 0.1
50 52 70 70 0.2
50 52 70 70 0.3
50 52 10 50 0.1
50 52 10 50 0.2
50 52 10 50 0.3
50 52 30 150 0.1
50 52 30 150 0.2
50 52 30 150 0.3
50 52 50 10 0.1
50 52 50 10 0.2
50 52 50 10 0.3
50 52 150 30 0.1
50 52 150 30 0.2
50 52 150 30 0.3
51 881 10 10 0.1
51 881 10 10 0.2
51 881 10 10 0.3
51 881 70 70 0.1
51 881 70 70 0.2
51 881 70 70 0.3
51 881 10 50 0.1
51 881 10 50 0.2
51 881 10 50 0.3
51 881 30 150 0.1
51 881 30 150 0.2
51 881 30 150 0.3
51 881 50 10 0.1
51 881 50 10 0.2
51 881 50 10 0.3
51 881 150 30 0.1
51 881 150 30 0.2
51 881 150 30 0.3
52 397 10 10 0.1
52 397 10 10 0.2
52 397 10 10 0.3
52 397 70 70 0.1
52 397 70 70 0.2
52 397 70 70 0.3
52 397 10 50 0.1
52 397 10 50 0.2
52 397 10 50 0.3
52 397 30 150 0.1
52 397 30 150 0.2
52 397 30 150 0.3
52 397 50 10 0.1
52 397 50 10 0.2
52 397 50 10 0.3
52 397 150 30 0.1
52 397 150 30 0.2
52 397 150 30 0.3
53 318 10 10 0.1
53 318 10 10 0.2
53 318 10 10 0.3
53 318 70 70 0.1
53 318 70 70 0.2
53 318 70 70 0.3
53 318 10 50 0.1
53 318 10 50 0.2
53 318 10 50 0.3
53 318 30 150 0.1
53 318 30 150 0.2
53 318 30 150 0.3
53 318 50 10 0.1
53 318 50 10 0.2
53 318 50 10 0.3
53 318 150 30 0.1
53 318 150 30 0.2
53 318 150 30 0.3
54 620 10 10 0.1
54 620 10 10 0.2
54 620 10 10 0.3
54 620 70 70 0.1
54 620 70 70 0.2
54 620 70 70 0.3
54 620 10 50 0.1
54 620 10 50 0.2
54 620 10 50 0.3
54 620 30 150 0.1
54 620 30 150 0.2
54 620 30 150 0.3
54 620 50 10 0.1
54 620 50 10 0.2
54 620 50 10 0.3
54 620 150 30 0.1
54 620 150 30 0.2
54 620 150 30 0.3
55 546 10 10 0.1
55 546 10 10 0.2
55 546 10 10 0.3
55 546 70 70 0.1
55 546 70 70 0.2
55 546 70 70 0.3
55 546 10 50 0.1
55 546 10 50 0.2
55 546 10 50 0.3
55 546 30 150 0.1
55 546 30 150 0.2
55 546 30 150 0.3
55 546 50 10 0.1
55 546 50 10 0.2
55 546 50 10 0.3
55 546 150 30 0.1
55 546 150 30 0.2
55 546 150 30 0.3
56 346 10 10 0.1
56 346 10 10 0.2
56 346 10 10 0.3
56 346 70 70 0.1
56 346 70 70 0.2
56 346 70 70 0.3
56 346 10 50 0.1
56 346 10 50 0.2
56 346 10 50 0.3
56 346 30 150 0.1
56 346 30 150 0.2
56 346 30 150 0.3
56 346 50 10 0.1
56 346 50 10 0.2
56 346 50 10 0.3
56 346 150 30 0.1
56 346 150 30 0.2
56 346 150 30 0.3
57 593 10 10 0.1
57 593 10 10 0.2
57 593 10 10 0.3
57 593 70 70 0.1
57 593 70 70 0.2
57 593 70 70 0.3
57 593 10 50 0.1
57 593 10 50 0.2
57 593 10 50 0.3
57 593 30 150 0.1
57 593 30 150 0.2
57 593 30 150 0.3
57 593 50 10 0.1
57 593 50 10 0.2
57 593 50 10 0.3
57 593 150 30 0.1
57 593 150 30 0.2
57 593 150 30 0.3
58 501 10 10 0.1
58 501 10 10 0.2
58 501 10 10 0.3
58 501 70 70 0.1
58 501 70 70 0.2
58 501 70 70 0.3
58 501 10 50 0.1
58 501 10 50 0.2
58 501 10 50 0.3
58 501 30 150 0.1
58 501 30 150 0.2
58 501 30 150 0.3
58 501 50 10 0.1
58 501 50 10 0.2
58 501 50 10 0.3
58 501 150 30 0.1
58 501 150 30 0.2
58 501 150 30 0.3
59 678 10 10 0.1
59 678 10 10 0.2
59 678 10 10 0.3
59 678 70 70 0.1
59 678 70 70 0.2
59 678 70 70 0.3
59 678 10 50 0.1
59 678 10 50 0.2
59 678 10 50 0.3
59 678 30 150 0.1
59 678 30 150 0.2
59 678 30 150 0.3
59 678 50 10 0.1
59 678 50 10 0.2
59 678 50 10 0.3
59 678 150 30 0.1
59 678 150 30 0.2
59 678 150 30 0.3
60 212 10 10 0.1
60 212 10 10 0.2
60 212 10 10 0.3
60 212 70 70 0.1
60 212 70 70 0.2
60 212 70 70 0.3
60 212 10 50 0.1
60 212 10 50 0.2
60 212 10 50 0.3
60 212 30 150 0.1
60 212 30 150 0.2
60 212 30 150 0.3
60 212 50 10 0.1
60 212 50 10 0.2
60 212 50 10 0.3
60 212 150 30 0.1
60 212 150 30 0.2
60 212 150 30 0.3
61 38 10 10 0.1
61 38 10 10 0.2
61 38 10 10 0.3
61 38 70 70 0.1
61 38 70 70 0.2
61 38 70 70 0.3
61 38 10 50 0.1
61 38 10 50 0.2
61 38 10 50 0.3
61 38 30 150 0.1
61 38 30 150 0.2
61 38 30 150 0.3
61 38 50 10 0.1
61 38 50 10 0.2
61 38 50 10 0.3
61 38 150 30 0.1
61 38 150 30 0.2
61 38 150 30 0.3
62 478 10 10 0.1
62 478 10 10 0.2
62 478 10 10 0.3
62 478 70 70 0.1
62 478 70 70 0.2
62 478 70 70 0.3
62 478 10 50 0.1
62 478 10 50 0.2
62 478 10 50 0.3
62 478 30 150 0.1
62 478 30 150 0.2
62 478 30 150 0.3
62 478 50 10 0.1
62 478 50 10 0.2
62 478 50 10 0.3
62 478 150 30 0.1
62 478 150 30 0.2
62 478 150 30 0.3
63 948 10 10 0.1
63 948 10 10 0.2
63 948 10 10 0.3
63 948 70 70 0.1
63 948 70 70 0.2
63 948 70 70 0.3
63 948 10 50 0.1
63 948 10 50 0.2
63 948 10 50 0.3
63 948 30 150 0.1
63 948 30 150 0.2
63 948 30 150 0.3
63 948 50 10 0.1
63 948 50 10 0.2
63 948 50 10 0.3
63 948 150 30 0.1
63 948 150 30 0.2
63 948 150 30 0.3
64 729 10 10 0.1
64 729 10 10 0.2
64 729 10 10 0.3
64 729 70 70 0.1
64 729 70 70 0.2
64 729 70 70 0.3
64 729 10 50 0.1
64 729 10 50 0.2
64 729 10 50 0.3
64 729 30 150 0.1
64 729 30 150 0.2
64 729 30 150 0.3
64 729 50 10 0.1
64 729 50 10 0.2
64 729 50 10 0.3
64 729 150 30 0.1
64 729 150 30 0.2
64 729 150 30 0.3
65 643 10 10 0.1
65 643 10 10 0.2
65 643 10 10 0.3
65 643 70 70 0.1
65 643 70 70 0.2
65 643 70 70 0.3
65 643 10 50 0.1
65 643 10 50 0.2
65 643 10 50 0.3
65 643 30 150 0.1
65 643 30 150 0.2
65 643 30 150 0.3
65 643 50 10 0.1
65 643 50 10 0.2
65 643 50 10 0.3
65 643 150 30 0.1
65 643 150 30 0.2
65 643 150 30 0.3
66 295 10 10 0.1
66 295 10 10 0.2
66 295 10 10 0.3
66 295 70 70 0.1
66 295 70 70 0.2
66 295 70 70 0.3
66 295 10 50 0.1
66 295 10 50 0.2
66 295 10 50 0.3
66 295 30 150 0.1
66 295 30 150 0.2
66 295 30 150 0.3
66 295 50 10 0.1
66 295 50 10 0.2
66 295 50 10 0.3
66 295 150 30 0.1
66 295 150 30 0.2
66 295 150 30 0.3
67 554 10 10 0.1
67 554 10 10 0.2
67 554 10 10 0.3
67 554 70 70 0.1
67 554 70 70 0.2
67 554 70 70 0.3
67 554 10 50 0.1
67 554 10 50 0.2
67 554 10 50 0.3
67 554 30 150 0.1
67 554 30 150 0.2
67 554 30 150 0.3
67 554 50 10 0.1
67 554 50 10 0.2
67 554 50 10 0.3
67 554 150 30 0.1
67 554 150 30 0.2
67 554 150 30 0.3
68 929 10 10 0.1
68 929 10 10 0.2
68 929 10 10 0.3
68 929 70 70 0.1
68 929 70 70 0.2
68 929 70 70 0.3
68 929 10 50 0.1
68 929 10 50 0.2
68 929 10 50 0.3
68 929 30 150 0.1
68 929 30 150 0.2
68 929 30 150 0.3
68 929 50 10 0.1
68 929 50 10 0.2
68 929 50 10 0.3
68 929 150 30 0.1
68 929 150 30 0.2
68 929 150 30 0.3
69 193 10 10 0.1
69 193 10 10 0.2
69 193 10 10 0.3
69 193 70 70 0.1
69 193 70 70 0.2
69 193 70 70 0.3
69 193 10 50 0.1
69 193 10 50 0.2
69 193 10 50 0.3
69 193 30 150 0.1
69 193 30 150 0.2
69 193 30 150 0.3
69 193 50 10 0.1
69 193 50 10 0.2
69 193 50 10 0.3
69 193 150 30 0.1
69 193 150 30 0.2
69 193 150 30 0.3
70 282 10 10 0.1
70 282 10 10 0.2
70 282 10 10 0.3
70 282 70 70 0.1
70 282 70 70 0.2
70 282 70 70 0.3
70 282 10 50 0.1
70 282 10 50 0.2
70 282 10 50 0.3
70 282 30 150 0.1
70 282 30 150 0.2
70 282 30 150 0.3
70 282 50 10 0.1
70 282 50 10 0.2
70 282 50 10 0.3
70 282 150 30 0.1
70 282 150 30 0.2
70 282 150 30 0.3
71 380 10 10 0.1
71 380 10 10 0.2
71 380 10 10 0.3
71 380 70 70 0.1
71 380 70 70 0.2
71 380 70 70 0.3
71 380 10 50 0.1
71 380 10 50 0.2
71 380 10 50 0.3
71 380 30 150 0.1
71 380 30 150 0.2
71 380 30 150 0.3
71 380 50 10 0.1
71 380 50 10 0.2
71 380 50 10 0.3
71 380 150 30 0.1
71 380 150 30 0.2
71 380 150 30 0.3
72 365 10 10 0.1
72 365 10 10 0.2
72 365 10 10 0.3
72 365 70 70 0.1
72 365 70 70 0.2
72 365 70 70 0.3
72 365 10 50 0.1
72 365 10 50 0.2
72 365 10 50 0.3
72 365 30 150 0.1
72 365 30 150 0.2
72 365 30 150 0.3
72 365 50 10 0.1
72 365 50 10 0.2
72 365 50 10 0.3
72 365 150 30 0.1
72 365 150 30 0.2
72 365 150 30 0.3
73 767 10 10 0.1
73 767 10 10 0.2
73 767 10 10 0.3
73 767 70 70 0.1
73 767 70 70 0.2
73 767 70 70 0.3
73 767 10 50 0.1
73 767 10 50 0.2
73 767 10 50 0.3
73 767 30 150 0.1
73 767 30 150 0.2
73 767 30 150 0.3
73 767 50 10 0.1
73 767 50 10 0.2
73 767 50 10 0.3
73 767 150 30 0.1
73 767 150 30 0.2
73 767 150 30 0.3
74 452 10 10 0.1
74 452 10 10 0.2
74 452 10 10 0.3
74 452 70 70 0.1
74 452 70 70 0.2
74 452 70 70 0.3
74 452 10 50 0.1
74 452 10 50 0.2
74 452 10 50 0.3
74 452 30 150 0.1
74 452 30 150 0.2
74 452 30 150 0.3
74 452 50 10 0.1
74 452 50 10 0.2
74 452 50 10 0.3
74 452 150 30 0.1
74 452 150 30 0.2
74 452 150 30 0.3
75 61 10 10 0.1
75 61 10 10 0.2
75 61 10 10 0.3
75 61 70 70 0.1
75 61 70 70 0.2
75 61 70 70 0.3
75 61 10 50 0.1
75 61 10 50 0.2
75 61 10 50 0.3
75 61 30 150 0.1
75 61 30 150 0.2
75 61 30 150 0.3
75 61 50 10 0.1
75 61 50 10 0.2
75 61 50 10 0.3
75 61 150 30 0.1
75 61 150 30 0.2
75 61 150 30 0.3
76 602 10 10 0.1
76 602 10 10 0.2
76 602 10 10 0.3
76 602 70 70 0.1
76 602 70 70 0.2
76 602 70 70 0.3
76 602 10 50 0.1
76 602 10 50 0.2
76 602 10 50 0.3
76 602 30 150 0.1
76 602 30 150 0.2
76 602 30 150 0.3
76 602 50 10 0.1
76 602 50 10 0.2
76 602 50 10 0.3
76 602 150 30 0.1
76 602 150 30 0.2
76 602 150 30 0.3
77 100 10 10 0.1
77 100 10 10 0.2
77 100 10 10 0.3
77 100 70 70 0.1
77 100 70 70 0.2
77 100 70 70 0.3
77 100 10 50 0.1
77 100 10 50 0.2
77 100 10 50 0.3
77 100 30 150 0.1
77 100 30 150 0.2
77 100 30 150 0.3
77 100 50 10 0.1
77 100 50 10 0.2
77 100 50 10 0.3
77 100 150 30 0.1
77 100 150 30 0.2
77 100 150 30 0.3
78 676 10 10 0.1
78 676 10 10 0.2
78 676 10 10 0.3
78 676 70 70 0.1
78 676 70 70 0.2
78 676 70 70 0.3
78 676 10 50 0.1
78 676 10 50 0.2
78 676 10 50 0.3
78 676 30 150 0.1
78 676 30 150 0.2
78 676 30 150 0.3
78 676 50 10 0.1
78 676 50 10 0.2
78 676 50 10 0.3
78 676 150 30 0.1
78 676 150 30 0.2
78 676 150 30 0.3
79 142 10 10 0.1
79 142 10 10 0.2
79 142 10 10 0.3
79 142 70 70 0.1
79 142 70 70 0.2
79 142 70 70 0.3
79 142 10 50 0.1
79 142 10 50 0.2
79 142 10 50 0.3
79 142 30 150 0.1
79 142 30 150 0.2
79 142 30 150 0.3
79 142 50 10 0.1
79 142 50 10 0.2
79 142 50 10 0.3
79 142 150 30 0.1
79 142 150 30 0.2
79 142 150 30 0.3
80 984 10 10 0.1
80 984 10 10 0.2
80 984 10 10 0.3
80 984 70 70 0.1
80 984 70 70 0.2
80 984 70 70 0.3
80 984 10 50 0.1
80 984 10 50 0.2
80 984 10 50 0.3
80 984 30 150 0.1
80 984 30 150 0.2
80 984 30 150 0.3
80 984 50 10 0.1
80 984 50 10 0.2
80 984 50 10 0.3
80 984 150 30 0.1
80 984 150 30 0.2
80 984 150 30 0.3
81 289 10 10 0.1
81 289 10 10 0.2
81 289 10 10 0.3
81 289 70 70 0.1
81 289 70 70 0.2
81 289 70 70 0.3
81 289 10 50 0.1
81 289 10 50 0.2
81 289 10 50 0.3
81 289 30 150 0.1
81 289 30 150 0.2
81 289 30 150 0.3
81 289 50 10 0.1
81 289 50 10 0.2
81 289 50 10 0.3
81 289 150 30 0.1
81 289 150 30 0.2
81 289 150 30 0.3
82 255 10 10 0.1
82 255 10 10 0.2
82 255 10 10 0.3
82 255 70 70 0.1
82 255 70 70 0.2
82 255 70 70 0.3
82 255 10 50 0.1
82 255 10 50 0.2
82 255 10 50 0.3
82 255 30 150 0.1
82 255 30 150 0.2
82 255 30 150 0.3
82 255 50 10 0.1
82 255 50 10 0.2
82 255 50 10 0.3
82 255 150 30 0.1
82 255 150 30 0.2
82 255 150 30 0.3
83 403 10 10 0.1
83 403 10 10 0.2
83 403 10 10 0.3
83 403 70 70 0.1
83 403 70 70 0.2
83 403 70 70 0.3
83 403 10 50 0.1
83 403 10 50 0.2
83 403 10 50 0.3
83 403 30 150 0.1
83 403 30 150 0.2
83 403 30 150 0.3
83 403 50 10 0.1
83 403 50 10 0.2
83 403 50 10 0.3
83 403 150 30 0.1
83 403 150 30 0.2
83 403 150 30 0.3
84 891 10 10 0.1
84 891 10 10 0.2
84 891 10 10 0.3
84 891 70 70 0.1
84 891 70 70 0.2
84 891 70 70 0.3
84 891 10 50 0.1
84 891 10 50 0.2
84 891 10 50 0.3
84 891 30 150 0.1
84 891 30 150 0.2
84 891 30 150 0.3
84 891 50 10 0.1
84 891 50 10 0.2
84 891 50 10 0.3
84 891 150 30 0.1
84 891 150 30 0.2
84 891 150 30 0.3
85 71 10 10 0.1
85 71 10 10 0.2
85 71 10 10 0.3
85 71 70 70 0.1
85 71 70 70 0.2
85 71 70 70 0.3
85 71 10 50 0.1
85 71 10 50 0.2
85 71 10 50 0.3
85 71 30 150 0.1
85 71 30 150 0.2
85 71 30 150 0.3
85 71 50 10 0.1
85 71 50 10 0.2
85 71 50 10 0.3
85 71 150 30 0.1
85 71 150 30 0.2
85 71 150 30 0.3
86 499 10 10 0.1
86 499 10 10 0.2
86 499 10 10 0.3
86 499 70 70 0.1
86 499 70 70 0.2
86 499 70 70 0.3
86 499 10 50 0.1
86 499 10 50 0.2
86 499 10 50 0.3
86 499 30 150 0.1
86 499 30 150 0.2
86 499 30 150 0.3
86 499 50 10 0.1
86 499 50 10 0.2
86 499 50 10 0.3
86 499 150 30 0.1
86 499 150 30 0.2
86 499 150 30 0.3
87 118 10 10 0.1
87 118 10 10 0.2
87 118 10 10 0.3
87 118 70 70 0.1
87 118 70 70 0.2
87 118 70 70 0.3
87 118 10 50 0.1
87 118 10 50 0.2
87 118 10 50 0.3
87 118 30 150 0.1
87 118 30 150 0.2
87 118 30 150 0.3
87 118 50 10 0.1
87 118 50 10 0.2
87 118 50 10 0.3
87 118 150 30 0.1
87 118 150 30 0.2
87 118 150 30 0.3
88 622 10 10 0.1
88 622 10 10 0.2
88 622 10 10 0.3
88 622 70 70 0.1
88 622 70 70 0.2
88 622 70 70 0.3
88 622 10 50 0.1
88 622 10 50 0.2
88 622 10 50 0.3
88 622 30 150 0.1
88 622 30 150 0.2
88 622 30 150 0.3
88 622 50 10 0.1
88 622 50 10 0.2
88 622 50 10 0.3
88 622 150 30 0.1
88 622 150 30 0.2
88 622 150 30 0.3
89 619 10 10 0.1
89 619 10 10 0.2
89 619 10 10 0.3
89 619 70 70 0.1
89 619 70 70 0.2
89 619 70 70 0.3
89 619 10 50 0.1
89 619 10 50 0.2
89 619 10 50 0.3
89 619 30 150 0.1
89 619 30 150 0.2
89 619 30 150 0.3
89 619 50 10 0.1
89 619 50 10 0.2
89 619 50 10 0.3
89 619 150 30 0.1
89 619 150 30 0.2
89 619 150 30 0.3
90 53 10 10 0.1
90 53 10 10 0.2
90 53 10 10 0.3
90 53 70 70 0.1
90 53 70 70 0.2
90 53 70 70 0.3
90 53 10 50 0.1
90 53 10 50 0.2
90 53 10 50 0.3
90 53 30 150 0.1
90 53 30 150 0.2
90 53 30 150 0.3
90 53 50 10 0.1
90 53 50 10 0.2
90 53 50 10 0.3
90 53 150 30 0.1
90 53 150 30 0.2
90 53 150 30 0.3
91 927 10 10 0.1
91 927 10 10 0.2
91 927 10 10 0.3
91 927 70 70 0.1
91 927 70 70 0.2
91 927 70 70 0.3
91 927 10 50 0.1
91 927 10 50 0.2
91 927 10 50 0.3
91 927 30 150 0.1
91 927 30 150 0.2
91 927 30 150 0.3
91 927 50 10 0.1
91 927 50 10 0.2
91 927 50 10 0.3
91 927 150 30 0.1
91 927 150 30 0.2
91 927 150 30 0.3
92 462 10 10 0.1
92 462 10 10 0.2
92 462 10 10 0.3
92 462 70 70 0.1
92 462 70 70 0.2
92 462 70 70 0.3
92 462 10 50 0.1
92 462 10 50 0.2
92 462 10 50 0.3
92 462 30 150 0.1
92 462 30 150 0.2
92 462 30 150 0.3
92 462 50 10 0.1
92 462 50 10 0.2
92 462 50 10 0.3
92 462 150 30 0.1
92 462 150 30 0.2
92 462 150 30 0.3
93 796 10 10 0.1
93 796 10 10 0.2
93 796 10 10 0.3
93 796 70 70 0.1
93 796 70 70 0.2
93 796 70 70 0.3
93 796 10 50 0.1
93 796 10 50 0.2
93 796 10 50 0.3
93 796 30 150 0.1
93 796 30 150 0.2
93 796 30 150 0.3
93 796 50 10 0.1
93 796 50 10 0.2
93 796 50 10 0.3
93 796 150 30 0.1
93 796 150 30 0.2
93 796 150 30 0.3
94 864 10 10 0.1
94 864 10 10 0.2
94 864 10 10 0.3
94 864 70 70 0.1
94 864 70 70 0.2
94 864 70 70 0.3
94 864 10 50 0.1
94 864 10 50 0.2
94 864 10 50 0.3
94 864 30 150 0.1
94 864 30 150 0.2
94 864 30 150 0.3
94 864 50 10 0.1
94 864 50 10 0.2
94 864 50 10 0.3
94 864 150 30 0.1
94 864 150 30 0.2
94 864 150 30 0.3
95 178 10 10 0.1
95 178 10 10 0.2
95 178 10 10 0.3
95 178 70 70 0.1
95 178 70 70 0.2
95 178 70 70 0.3
95 178 10 50 0.1
95 178 10 50 0.2
95 178 10 50 0.3
95 178 30 150 0.1
95 178 30 150 0.2
95 178 30 150 0.3
95 178 50 10 0.1
95 178 50 10 0.2
95 178 50 10 0.3
95 178 150 30 0.1
95 178 150 30 0.2
95 178 150 30 0.3
96 238 10 10 0.1
96 238 10 10 0.2
96 238 10 10 0.3
96 238 70 70 0.1
96 238 70 70 0.2
96 238 70 70 0.3
96 238 10 50 0.1
96 238 10 50 0.2
96 238 10 50 0.3
96 238 30 150 0.1
96 238 30 150 0.2
96 238 30 150 0.3
96 238 50 10 0.1
96 238 50 10 0.2
96 238 50 10 0.3
96 238 150 30 0.1
96 238 150 30 0.2
96 238 150 30 0.3
97 858 10 10 0.1
97 858 10 10 0.2
97 858 10 10 0.3
97 858 70 70 0.1
97 858 70 70 0.2
97 858 70 70 0.3
97 858 10 50 0.1
97 858 10 50 0.2
97 858 10 50 0.3
97 858 30 150 0.1
97 858 30 150 0.2
97 858 30 150 0.3
97 858 50 10 0.1
97 858 50 10 0.2
97 858 50 10 0.3
97 858 150 30 0.1
97 858 150 30 0.2
97 858 150 30 0.3
98 778 10 10 0.1
98 778 10 10 0.2
98 778 10 10 0.3
98 778 70 70 0.1
98 778 70 70 0.2
98 778 70 70 0.3
98 778 10 50 0.1
98 778 10 50 0.2
98 778 10 50 0.3
98 778 30 150 0.1
98 778 30 150 0.2
98 778 30 150 0.3
98 778 50 10 0.1
98 778 50 10 0.2
98 778 50 10 0.3
98 778 150 30 0.1
98 778 150 30 0.2
98 778 150 30 0.3
99 823 10 10 0.1
99 823 10 10 0.2
99 823 10 10 0.3
99 823 70 70 0.1
99 823 70 70 0.2
99 823 70 70 0.3
99 823 10 50 0.1
99 823 10 50 0.2
99 823 10 50 0.3
99 823 30 150 0.1
99 823 30 150 0.2
99 823 30 150 0.3
99 823 50 10 0.1
99 823 50 10 0.2
99 823 50 10 0.3
99 823 150 30 0.1
99 823 150 30 0.2
99 823 150 30 0.3
100 673 10 10 0.1
100 673 10 10 0.2
100 673 10 10 0.3
100 673 70 70 0.1
100 673 70 70 0.2
100 673 70 70 0.3
100 673 10 50 0.1
100 673 10 50 0.2
100 673 10 50 0.3
100 673 30 150 0.1
100 673 30 150 0.2
100 673 30 150 0.3
100 673 50 10 0.1
100 673 50 10 0.2
100 673 50 10 0.3
100 673 150 30 0.1
100 673 150 30 0.2
100 673 150 30 0.3
