1 516 50 10 1.66666666666667 0 35
1 516 50 10 2.04124145231932 0 35
1 516 50 10 5 0 35
1 516 50 10 1.66666666666667 0 35
1 516 50 10 2.04124145231932 0 35
1 516 50 10 5 0 35
1 516 150 30 1.66666666666667 5 45
1 516 150 30 2.04124145231932 5 45
1 516 150 30 5 5 45
1 516 150 30 1.66666666666667 5 45
1 516 150 30 2.04124145231932 5 45
1 516 150 30 5 5 45
2 1000 50 10 1.66666666666667 0 35
2 1000 50 10 2.04124145231932 0 35
2 1000 50 10 5 0 35
2 1000 50 10 1.66666666666667 0 35
2 1000 50 10 2.04124145231932 0 35
2 1000 50 10 5 0 35
2 1000 150 30 1.66666666666667 5 45
2 1000 150 30 2.04124145231932 5 45
2 1000 150 30 5 5 45
2 1000 150 30 1.66666666666667 5 45
2 1000 150 30 2.04124145231932 5 45
2 1000 150 30 5 5 45
3 60 50 10 1.66666666666667 0 35
3 60 50 10 2.04124145231932 0 35
3 60 50 10 5 0 35
3 60 50 10 1.66666666666667 0 35
3 60 50 10 2.04124145231932 0 35
3 60 50 10 5 0 35
3 60 150 30 1.66666666666667 5 45
3 60 150 30 2.04124145231932 5 45
3 60 150 30 5 5 45
3 60 150 30 1.66666666666667 5 45
3 60 150 30 2.04124145231932 5 45
3 60 150 30 5 5 45
4 358 50 10 1.66666666666667 0 35
4 358 50 10 2.04124145231932 0 35
4 358 50 10 5 0 35
4 358 50 10 1.66666666666667 0 35
4 358 50 10 2.04124145231932 0 35
4 358 50 10 5 0 35
4 358 150 30 1.66666666666667 5 45
4 358 150 30 2.04124145231932 5 45
4 358 150 30 5 5 45
4 358 150 30 1.66666666666667 5 45
4 358 150 30 2.04124145231932 5 45
4 358 150 30 5 5 45
5 840 50 10 1.66666666666667 0 35
5 840 50 10 2.04124145231932 0 35
5 840 50 10 5 0 35
5 840 50 10 1.66666666666667 0 35
5 840 50 10 2.04124145231932 0 35
5 840 50 10 5 0 35
5 840 150 30 1.66666666666667 5 45
5 840 150 30 2.04124145231932 5 45
5 840 150 30 5 5 45
5 840 150 30 1.66666666666667 5 45
5 840 150 30 2.04124145231932 5 45
5 840 150 30 5 5 45
6 328 50 10 1.66666666666667 0 35
6 328 50 10 2.04124145231932 0 35
6 328 50 10 5 0 35
6 328 50 10 1.66666666666667 0 35
6 328 50 10 2.04124145231932 0 35
6 328 50 10 5 0 35
6 328 150 30 1.66666666666667 5 45
6 328 150 30 2.04124145231932 5 45
6 328 150 30 5 5 45
6 328 150 30 1.66666666666667 5 45
6 328 150 30 2.04124145231932 5 45
6 328 150 30 5 5 45
7 270 50 10 1.66666666666667 0 35
7 270 50 10 2.04124145231932 0 35
7 270 50 10 5 0 35
7 270 50 10 1.66666666666667 0 35
7 270 50 10 2.04124145231932 0 35
7 270 50 10 5 0 35
7 270 150 30 1.66666666666667 5 45
7 270 150 30 2.04124145231932 5 45
7 270 150 30 5 5 45
7 270 150 30 1.66666666666667 5 45
7 270 150 30 2.04124145231932 5 45
7 270 150 30 5 5 45
8 687 50 10 1.66666666666667 0 35
8 687 50 10 2.04124145231932 0 35
8 687 50 10 5 0 35
8 687 50 10 1.66666666666667 0 35
8 687 50 10 2.04124145231932 0 35
8 687 50 10 5 0 35
8 687 150 30 1.66666666666667 5 45
8 687 150 30 2.04124145231932 5 45
8 687 150 30 5 5 45
8 687 150 30 1.66666666666667 5 45
8 687 150 30 2.04124145231932 5 45
8 687 150 30 5 5 45
9 418 50 10 1.66666666666667 0 35
9 418 50 10 2.04124145231932 0 35
9 418 50 10 5 0 35
9 418 50 10 1.66666666666667 0 35
9 418 50 10 2.04124145231932 0 35
9 418 50 10 5 0 35
9 418 150 30 1.66666666666667 5 45
9 418 150 30 2.04124145231932 5 45
9 418 150 30 5 5 45
9 418 150 30 1.66666666666667 5 45
9 418 150 30 2.04124145231932 5 45
9 418 150 30 5 5 45
10 596 50 10 1.66666666666667 0 35
10 596 50 10 2.04124145231932 0 35
10 596 50 10 5 0 35
10 596 50 10 1.66666666666667 0 35
10 596 50 10 2.04124145231932 0 35
10 596 50 10 5 0 35
10 596 150 30 1.66666666666667 5 45
10 596 150 30 2.04124145231932 5 45
10 596 150 30 5 5 45
10 596 150 30 1.66666666666667 5 45
10 596 150 30 2.04124145231932 5 45
10 596 150 30 5 5 45
11 12 50 10 1.66666666666667 0 35
11 12 50 10 2.04124145231932 0 35
11 12 50 10 5 0 35
11 12 50 10 1.66666666666667 0 35
11 12 50 10 2.04124145231932 0 35
11 12 50 10 5 0 35
11 12 150 30 1.66666666666667 5 45
11 12 150 30 2.04124145231932 5 45
11 12 150 30 5 5 45
11 12 150 30 1.66666666666667 5 45
11 12 150 30 2.04124145231932 5 45
11 12 150 30 5 5 45
12 533 50 10 1.66666666666667 0 35
12 533 50 10 2.04124145231932 0 35
12 533 50 10 5 0 35
12 533 50 10 1.66666666666667 0 35
12 533 50 10 2.04124145231932 0 35
12 533 50 10 5 0 35
12 533 150 30 1.66666666666667 5 45
12 533 150 30 2.04124145231932 5 45
12 533 150 30 5 5 45
12 533 150 30 1.66666666666667 5 45
12 533 150 30 2.04124145231932 5 45
12 533 150 30 5 5 45
13 104 50 10 1.66666666666667 0 35
13 104 50 10 2.04124145231932 0 35
13 104 50 10 5 0 35
13 104 50 10 1.66666666666667 0 35
13 104 50 10 2.04124145231932 0 35
13 104 50 10 5 0 35
13 104 150 30 1.66666666666667 5 45
13 104 150 30 2.04124145231932 5 45
13 104 150 30 5 5 45
13 104 150 30 1.66666666666667 5 45
13 104 150 30 2.04124145231932 5 45
13 104 150 30 5 5 45
14 713 50 10 1.66666666666667 0 35
14 713 50 10 2.04124145231932 0 35
14 713 50 10 5 0 35
14 713 50 10 1.66666666666667 0 35
14 713 50 10 2.04124145231932 0 35
14 713 50 10 5 0 35
14 713 150 30 1.66666666666667 5 45
14 713 150 30 2.04124145231932 5 45
14 713 150 30 5 5 45
14 713 150 30 1.66666666666667 5 45
14 713 150 30 2.04124145231932 5 45
14 713 150 30 5 5 45
15 837 50 10 1.66666666666667 0 35
15 837 50 10 2.04124145231932 0 35
15 837 50 10 5 0 35
15 837 50 10 1.66666666666667 0 35
15 837 50 10 2.04124145231932 0 35
15 837 50 10 5 0 35
15 837 150 30 1.66666666666667 5 45
15 837 150 30 2.04124145231932 5 45
15 837 150 30 5 5 45
15 837 150 30 1.66666666666667 5 45
15 837 150 30 2.04124145231932 5 45
15 837 150 30 5 5 45
16 815 50 10 1.66666666666667 0 35
16 815 50 10 2.04124145231932 0 35
16 815 50 10 5 0 35
16 815 50 10 1.66666666666667 0 35
16 815 50 10 2.04124145231932 0 35
16 815 50 10 5 0 35
16 815 150 30 1.66666666666667 5 45
16 815 150 30 2.04124145231932 5 45
16 815 150 30 5 5 45
16 815 150 30 1.66666666666667 5 45
16 815 150 30 2.04124145231932 5 45
16 815 150 30 5 5 45
17 171 50 10 1.66666666666667 0 35
17 171 50 10 2.04124145231932 0 35
17 171 50 10 5 0 35
17 171 50 10 1.66666666666667 0 35
17 171 50 10 2.04124145231932 0 35
17 171 50 10 5 0 35
17 171 150 30 1.66666666666667 5 45
17 171 150 30 2.04124145231932 5 45
17 171 150 30 5 5 45
17 171 150 30 1.66666666666667 5 45
17 171 150 30 2.04124145231932 5 45
17 171 150 30 5 5 45
18 854 50 10 1.66666666666667 0 35
18 854 50 10 2.04124145231932 0 35
18 854 50 10 5 0 35
18 854 50 10 1.66666666666667 0 35
18 854 50 10 2.04124145231932 0 35
18 854 50 10 5 0 35
18 854 150 30 1.66666666666667 5 45
18 854 150 30 2.04124145231932 5 45
18 854 150 30 5 5 45
18 854 150 30 1.66666666666667 5 45
18 854 150 30 2.04124145231932 5 45
18 854 150 30 5 5 45
19 134 50 10 1.66666666666667 0 35
19 134 50 10 2.04124145231932 0 35
19 134 50 10 5 0 35
19 134 50 10 1.66666666666667 0 35
19 134 50 10 2.04124145231932 0 35
19 134 50 10 5 0 35
19 134 150 30 1.66666666666667 5 45
19 134 150 30 2.04124145231932 5 45
19 134 150 30 5 5 45
19 134 150 30 1.66666666666667 5 45
19 134 150 30 2.04124145231932 5 45
19 134 150 30 5 5 45
20 352 50 10 1.66666666666667 0 35
20 352 50 10 2.04124145231932 0 35
20 352 50 10 5 0 35
20 352 50 10 1.66666666666667 0 35
20 352 50 10 2.04124145231932 0 35
20 352 50 10 5 0 35
20 352 150 30 1.66666666666667 5 45
20 352 150 30 2.04124145231932 5 45
20 352 150 30 5 5 45
20 352 150 30 1.66666666666667 5 45
20 352 150 30 2.04124145231932 5 45
20 352 150 30 5 5 45
21 331 50 10 1.66666666666667 0 35
21 331 50 10 2.04124145231932 0 35
21 331 50 10 5 0 35
21 331 50 10 1.66666666666667 0 35
21 331 50 10 2.04124145231932 0 35
21 331 50 10 5 0 35
21 331 150 30 1.66666666666667 5 45
21 331 150 30 2.04124145231932 5 45
21 331 150 30 5 5 45
21 331 150 30 1.66666666666667 5 45
21 331 150 30 2.04124145231932 5 45
21 331 150 30 5 5 45
22 355 50 10 1.66666666666667 0 35
22 355 50 10 2.04124145231932 0 35
22 355 50 10 5 0 35
22 355 50 10 1.66666666666667 0 35
22 355 50 10 2.04124145231932 0 35
22 355 50 10 5 0 35
22 355 150 30 1.66666666666667 5 45
22 355 150 30 2.04124145231932 5 45
22 355 150 30 5 5 45
22 355 150 30 1.66666666666667 5 45
22 355 150 30 2.04124145231932 5 45
22 355 150 30 5 5 45
23 456 50 10 1.66666666666667 0 35
23 456 50 10 2.04124145231932 0 35
23 456 50 10 5 0 35
23 456 50 10 1.66666666666667 0 35
23 456 50 10 2.04124145231932 0 35
23 456 50 10 5 0 35
23 456 150 30 1.66666666666667 5 45
23 456 150 30 2.04124145231932 5 45
23 456 150 30 5 5 45
23 456 150 30 1.66666666666667 5 45
23 456 150 30 2.04124145231932 5 45
23 456 150 30 5 5 45
24 148 50 10 1.66666666666667 0 35
24 148 50 10 2.04124145231932 0 35
24 148 50 10 5 0 35
24 148 50 10 1.66666666666667 0 35
24 148 50 10 2.04124145231932 0 35
24 148 50 10 5 0 35
24 148 150 30 1.66666666666667 5 45
24 148 150 30 2.04124145231932 5 45
24 148 150 30 5 5 45
24 148 150 30 1.66666666666667 5 45
24 148 150 30 2.04124145231932 5 45
24 148 150 30 5 5 45
25 17 50 10 1.66666666666667 0 35
25 17 50 10 2.04124145231932 0 35
25 17 50 10 5 0 35
25 17 50 10 1.66666666666667 0 35
25 17 50 10 2.04124145231932 0 35
25 17 50 10 5 0 35
25 17 150 30 1.66666666666667 5 45
25 17 150 30 2.04124145231932 5 45
25 17 150 30 5 5 45
25 17 150 30 1.66666666666667 5 45
25 17 150 30 2.04124145231932 5 45
25 17 150 30 5 5 45
26 332 50 10 1.66666666666667 0 35
26 332 50 10 2.04124145231932 0 35
26 332 50 10 5 0 35
26 332 50 10 1.66666666666667 0 35
26 332 50 10 2.04124145231932 0 35
26 332 50 10 5 0 35
26 332 150 30 1.66666666666667 5 45
26 332 150 30 2.04124145231932 5 45
26 332 150 30 5 5 45
26 332 150 30 1.66666666666667 5 45
26 332 150 30 2.04124145231932 5 45
26 332 150 30 5 5 45
27 153 50 10 1.66666666666667 0 35
27 153 50 10 2.04124145231932 0 35
27 153 50 10 5 0 35
27 153 50 10 1.66666666666667 0 35
27 153 50 10 2.04124145231932 0 35
27 153 50 10 5 0 35
27 153 150 30 1.66666666666667 5 45
27 153 150 30 2.04124145231932 5 45
27 153 150 30 5 5 45
27 153 150 30 1.66666666666667 5 45
27 153 150 30 2.04124145231932 5 45
27 153 150 30 5 5 45
28 584 50 10 1.66666666666667 0 35
28 584 50 10 2.04124145231932 0 35
28 584 50 10 5 0 35
28 584 50 10 1.66666666666667 0 35
28 584 50 10 2.04124145231932 0 35
28 584 50 10 5 0 35
28 584 150 30 1.66666666666667 5 45
28 584 150 30 2.04124145231932 5 45
28 584 150 30 5 5 45
28 584 150 30 1.66666666666667 5 45
28 584 150 30 2.04124145231932 5 45
28 584 150 30 5 5 45
29 526 50 10 1.66666666666667 0 35
29 526 50 10 2.04124145231932 0 35
29 526 50 10 5 0 35
29 526 50 10 1.66666666666667 0 35
29 526 50 10 2.04124145231932 0 35
29 526 50 10 5 0 35
29 526 150 30 1.66666666666667 5 45
29 526 150 30 2.04124145231932 5 45
29 526 150 30 5 5 45
29 526 150 30 1.66666666666667 5 45
29 526 150 30 2.04124145231932 5 45
29 526 150 30 5 5 45
30 675 50 10 1.66666666666667 0 35
30 675 50 10 2.04124145231932 0 35
30 675 50 10 5 0 35
30 675 50 10 1.66666666666667 0 35
30 675 50 10 2.04124145231932 0 35
30 675 50 10 5 0 35
30 675 150 30 1.66666666666667 5 45
30 675 150 30 2.04124145231932 5 45
30 675 150 30 5 5 45
30 675 150 30 1.66666666666667 5 45
30 675 150 30 2.04124145231932 5 45
30 675 150 30 5 5 45
31 939 50 10 1.66666666666667 0 35
31 939 50 10 2.04124145231932 0 35
31 939 50 10 5 0 35
31 939 50 10 1.66666666666667 0 35
31 939 50 10 2.04124145231932 0 35
31 939 50 10 5 0 35
31 939 150 30 1.66666666666667 5 45
31 939 150 30 2.04124145231932 5 45
31 939 150 30 5 5 45
31 939 150 30 1.66666666666667 5 45
31 939 150 30 2.04124145231932 5 45
31 939 150 30 5 5 45
32 849 50 10 1.66666666666667 0 35
32 849 50 10 2.04124145231932 0 35
32 849 50 10 5 0 35
32 849 50 10 1.66666666666667 0 35
32 849 50 10 2.04124145231932 0 35
32 849 50 10 5 0 35
32 849 150 30 1.66666666666667 5 45
32 849 150 30 2.04124145231932 5 45
32 849 150 30 5 5 45
32 849 150 30 1.66666666666667 5 45
32 849 150 30 2.04124145231932 5 45
32 849 150 30 5 5 45
33 961 50 10 1.66666666666667 0 35
33 961 50 10 2.04124145231932 0 35
33 961 50 10 5 0 35
33 961 50 10 1.66666666666667 0 35
33 961 50 10 2.04124145231932 0 35
33 961 50 10 5 0 35
33 961 150 30 1.66666666666667 5 45
33 961 150 30 2.04124145231932 5 45
33 961 150 30 5 5 45
33 961 150 30 1.66666666666667 5 45
33 961 150 30 2.04124145231932 5 45
33 961 150 30 5 5 45
34 50 50 10 1.66666666666667 0 35
34 50 50 10 2.04124145231932 0 35
34 50 50 10 5 0 35
34 50 50 10 1.66666666666667 0 35
34 50 50 10 2.04124145231932 0 35
34 50 50 10 5 0 35
34 50 150 30 1.66666666666667 5 45
34 50 150 30 2.04124145231932 5 45
34 50 150 30 5 5 45
34 50 150 30 1.66666666666667 5 45
34 50 150 30 2.04124145231932 5 45
34 50 150 30 5 5 45
35 688 50 10 1.66666666666667 0 35
35 688 50 10 2.04124145231932 0 35
35 688 50 10 5 0 35
35 688 50 10 1.66666666666667 0 35
35 688 50 10 2.04124145231932 0 35
35 688 50 10 5 0 35
35 688 150 30 1.66666666666667 5 45
35 688 150 30 2.04124145231932 5 45
35 688 150 30 5 5 45
35 688 150 30 1.66666666666667 5 45
35 688 150 30 2.04124145231932 5 45
35 688 150 30 5 5 45
36 177 50 10 1.66666666666667 0 35
36 177 50 10 2.04124145231932 0 35
36 177 50 10 5 0 35
36 177 50 10 1.66666666666667 0 35
36 177 50 10 2.04124145231932 0 35
36 177 50 10 5 0 35
36 177 150 30 1.66666666666667 5 45
36 177 150 30 2.04124145231932 5 45
36 177 150 30 5 5 45
36 177 150 30 1.66666666666667 5 45
36 177 150 30 2.04124145231932 5 45
36 177 150 30 5 5 45
37 654 50 10 1.66666666666667 0 35
37 654 50 10 2.04124145231932 0 35
37 654 50 10 5 0 35
37 654 50 10 1.66666666666667 0 35
37 654 50 10 2.04124145231932 0 35
37 654 50 10 5 0 35
37 654 150 30 1.66666666666667 5 45
37 654 150 30 2.04124145231932 5 45
37 654 150 30 5 5 45
37 654 150 30 1.66666666666667 5 45
37 654 150 30 2.04124145231932 5 45
37 654 150 30 5 5 45
38 523 50 10 1.66666666666667 0 35
38 523 50 10 2.04124145231932 0 35
38 523 50 10 5 0 35
38 523 50 10 1.66666666666667 0 35
38 523 50 10 2.04124145231932 0 35
38 523 50 10 5 0 35
38 523 150 30 1.66666666666667 5 45
38 523 150 30 2.04124145231932 5 45
38 523 150 30 5 5 45
38 523 150 30 1.66666666666667 5 45
38 523 150 30 2.04124145231932 5 45
38 523 150 30 5 5 45
39 783 50 10 1.66666666666667 0 35
39 783 50 10 2.04124145231932 0 35
39 783 50 10 5 0 35
39 783 50 10 1.66666666666667 0 35
39 783 50 10 2.04124145231932 0 35
39 783 50 10 5 0 35
39 783 150 30 1.66666666666667 5 45
39 783 150 30 2.04124145231932 5 45
39 783 150 30 5 5 45
39 783 150 30 1.66666666666667 5 45
39 783 150 30 2.04124145231932 5 45
39 783 150 30 5 5 45
40 470 50 10 1.66666666666667 0 35
40 470 50 10 2.04124145231932 0 35
40 470 50 10 5 0 35
40 470 50 10 1.66666666666667 0 35
40 470 50 10 2.04124145231932 0 35
40 470 50 10 5 0 35
40 470 150 30 1.66666666666667 5 45
40 470 150 30 2.04124145231932 5 45
40 470 150 30 5 5 45
40 470 150 30 1.66666666666667 5 45
40 470 150 30 2.04124145231932 5 45
40 470 150 30 5 5 45
41 917 50 10 1.66666666666667 0 35
41 917 50 10 2.04124145231932 0 35
41 917 50 10 5 0 35
41 917 50 10 1.66666666666667 0 35
41 917 50 10 2.04124145231932 0 35
41 917 50 10 5 0 35
41 917 150 30 1.66666666666667 5 45
41 917 150 30 2.04124145231932 5 45
41 917 150 30 5 5 45
41 917 150 30 1.66666666666667 5 45
41 917 150 30 2.04124145231932 5 45
41 917 150 30 5 5 45
42 839 50 10 1.66666666666667 0 35
42 839 50 10 2.04124145231932 0 35
42 839 50 10 5 0 35
42 839 50 10 1.66666666666667 0 35
42 839 50 10 2.04124145231932 0 35
42 839 50 10 5 0 35
42 839 150 30 1.66666666666667 5 45
42 839 150 30 2.04124145231932 5 45
42 839 150 30 5 5 45
42 839 150 30 1.66666666666667 5 45
42 839 150 30 2.04124145231932 5 45
42 839 150 30 5 5 45
43 555 50 10 1.66666666666667 0 35
43 555 50 10 2.04124145231932 0 35
43 555 50 10 5 0 35
43 555 50 10 1.66666666666667 0 35
43 555 50 10 2.04124145231932 0 35
43 555 50 10 5 0 35
43 555 150 30 1.66666666666667 5 45
43 555 150 30 2.04124145231932 5 45
43 555 150 30 5 5 45
43 555 150 30 1.66666666666667 5 45
43 555 150 30 2.04124145231932 5 45
43 555 150 30 5 5 45
44 406 50 10 1.66666666666667 0 35
44 406 50 10 2.04124145231932 0 35
44 406 50 10 5 0 35
44 406 50 10 1.66666666666667 0 35
44 406 50 10 2.04124145231932 0 35
44 406 50 10 5 0 35
44 406 150 30 1.66666666666667 5 45
44 406 150 30 2.04124145231932 5 45
44 406 150 30 5 5 45
44 406 150 30 1.66666666666667 5 45
44 406 150 30 2.04124145231932 5 45
44 406 150 30 5 5 45
45 877 50 10 1.66666666666667 0 35
45 877 50 10 2.04124145231932 0 35
45 877 50 10 5 0 35
45 877 50 10 1.66666666666667 0 35
45 877 50 10 2.04124145231932 0 35
45 877 50 10 5 0 35
45 877 150 30 1.66666666666667 5 45
45 877 150 30 2.04124145231932 5 45
45 877 150 30 5 5 45
45 877 150 30 1.66666666666667 5 45
45 877 150 30 2.04124145231932 5 45
45 877 150 30 5 5 45
46 514 50 10 1.66666666666667 0 35
46 514 50 10 2.04124145231932 0 35
46 514 50 10 5 0 35
46 514 50 10 1.66666666666667 0 35
46 514 50 10 2.04124145231932 0 35
46 514 50 10 5 0 35
46 514 150 30 1.66666666666667 5 45
46 514 150 30 2.04124145231932 5 45
46 514 150 30 5 5 45
46 514 150 30 1.66666666666667 5 45
46 514 150 30 2.04124145231932 5 45
46 514 150 30 5 5 45
47 475 50 10 1.66666666666667 0 35
47 475 50 10 2.04124145231932 0 35
47 475 50 10 5 0 35
47 475 50 10 1.66666666666667 0 35
47 475 50 10 2.04124145231932 0 35
47 475 50 10 5 0 35
47 475 150 30 1.66666666666667 5 45
47 475 150 30 2.04124145231932 5 45
47 475 150 30 5 5 45
47 475 150 30 1.66666666666667 5 45
47 475 150 30 2.04124145231932 5 45
47 475 150 30 5 5 45
48 496 50 10 1.66666666666667 0 35
48 496 50 10 2.04124145231932 0 35
48 496 50 10 5 0 35
48 496 50 10 1.66666666666667 0 35
48 496 50 10 2.04124145231932 0 35
48 496 50 10 5 0 35
48 496 150 30 1.66666666666667 5 45
48 496 150 30 2.04124145231932 5 45
48 496 150 30 5 5 45
48 496 150 30 1.66666666666667 5 45
48 496 150 30 2.04124145231932 5 45
48 496 150 30 5 5 45
49 82 50 10 1.66666666666667 0 35
49 82 50 10 2.04124145231932 0 35
49 82 50 10 5 0 35
49 82 50 10 1.66666666666667 0 35
49 82 50 10 2.04124145231932 0 35
49 82 50 10 5 0 35
49 82 150 30 1.66666666666667 5 45
49 82 150 30 2.04124145231932 5 45
49 82 150 30 5 5 45
49 82 150 30 1.66666666666667 5 45
49 82 150 30 2.04124145231932 5 45
49 82 150 30 5 5 45
50 657 50 10 1.66666666666667 0 35
50 657 50 10 2.04124145231932 0 35
50 657 50 10 5 0 35
50 657 50 10 1.66666666666667 0 35
50 657 50 10 2.04124145231932 0 35
50 657 50 10 5 0 35
50 657 150 30 1.66666666666667 5 45
50 657 150 30 2.04124145231932 5 45
50 657 150 30 5 5 45
50 657 150 30 1.66666666666667 5 45
50 657 150 30 2.04124145231932 5 45
50 657 150 30 5 5 45
51 689 50 10 1.66666666666667 0 35
51 689 50 10 2.04124145231932 0 35
51 689 50 10 5 0 35
51 689 50 10 1.66666666666667 0 35
51 689 50 10 2.04124145231932 0 35
51 689 50 10 5 0 35
51 689 150 30 1.66666666666667 5 45
51 689 150 30 2.04124145231932 5 45
51 689 150 30 5 5 45
51 689 150 30 1.66666666666667 5 45
51 689 150 30 2.04124145231932 5 45
51 689 150 30 5 5 45
52 802 50 10 1.66666666666667 0 35
52 802 50 10 2.04124145231932 0 35
52 802 50 10 5 0 35
52 802 50 10 1.66666666666667 0 35
52 802 50 10 2.04124145231932 0 35
52 802 50 10 5 0 35
52 802 150 30 1.66666666666667 5 45
52 802 150 30 2.04124145231932 5 45
52 802 150 30 5 5 45
52 802 150 30 1.66666666666667 5 45
52 802 150 30 2.04124145231932 5 45
52 802 150 30 5 5 45
53 805 50 10 1.66666666666667 0 35
53 805 50 10 2.04124145231932 0 35
53 805 50 10 5 0 35
53 805 50 10 1.66666666666667 0 35
53 805 50 10 2.04124145231932 0 35
53 805 50 10 5 0 35
53 805 150 30 1.66666666666667 5 45
53 805 150 30 2.04124145231932 5 45
53 805 150 30 5 5 45
53 805 150 30 1.66666666666667 5 45
53 805 150 30 2.04124145231932 5 45
53 805 150 30 5 5 45
54 691 50 10 1.66666666666667 0 35
54 691 50 10 2.04124145231932 0 35
54 691 50 10 5 0 35
54 691 50 10 1.66666666666667 0 35
54 691 50 10 2.04124145231932 0 35
54 691 50 10 5 0 35
54 691 150 30 1.66666666666667 5 45
54 691 150 30 2.04124145231932 5 45
54 691 150 30 5 5 45
54 691 150 30 1.66666666666667 5 45
54 691 150 30 2.04124145231932 5 45
54 691 150 30 5 5 45
55 574 50 10 1.66666666666667 0 35
55 574 50 10 2.04124145231932 0 35
55 574 50 10 5 0 35
55 574 50 10 1.66666666666667 0 35
55 574 50 10 2.04124145231932 0 35
55 574 50 10 5 0 35
55 574 150 30 1.66666666666667 5 45
55 574 150 30 2.04124145231932 5 45
55 574 150 30 5 5 45
55 574 150 30 1.66666666666667 5 45
55 574 150 30 2.04124145231932 5 45
55 574 150 30 5 5 45
56 493 50 10 1.66666666666667 0 35
56 493 50 10 2.04124145231932 0 35
56 493 50 10 5 0 35
56 493 50 10 1.66666666666667 0 35
56 493 50 10 2.04124145231932 0 35
56 493 50 10 5 0 35
56 493 150 30 1.66666666666667 5 45
56 493 150 30 2.04124145231932 5 45
56 493 150 30 5 5 45
56 493 150 30 1.66666666666667 5 45
56 493 150 30 2.04124145231932 5 45
56 493 150 30 5 5 45
57 878 50 10 1.66666666666667 0 35
57 878 50 10 2.04124145231932 0 35
57 878 50 10 5 0 35
57 878 50 10 1.66666666666667 0 35
57 878 50 10 2.04124145231932 0 35
57 878 50 10 5 0 35
57 878 150 30 1.66666666666667 5 45
57 878 150 30 2.04124145231932 5 45
57 878 150 30 5 5 45
57 878 150 30 1.66666666666667 5 45
57 878 150 30 2.04124145231932 5 45
57 878 150 30 5 5 45
58 474 50 10 1.66666666666667 0 35
58 474 50 10 2.04124145231932 0 35
58 474 50 10 5 0 35
58 474 50 10 1.66666666666667 0 35
58 474 50 10 2.04124145231932 0 35
58 474 50 10 5 0 35
58 474 150 30 1.66666666666667 5 45
58 474 150 30 2.04124145231932 5 45
58 474 150 30 5 5 45
58 474 150 30 1.66666666666667 5 45
58 474 150 30 2.04124145231932 5 45
58 474 150 30 5 5 45
59 143 50 10 1.66666666666667 0 35
59 143 50 10 2.04124145231932 0 35
59 143 50 10 5 0 35
59 143 50 10 1.66666666666667 0 35
59 143 50 10 2.04124145231932 0 35
59 143 50 10 5 0 35
59 143 150 30 1.66666666666667 5 45
59 143 150 30 2.04124145231932 5 45
59 143 150 30 5 5 45
59 143 150 30 1.66666666666667 5 45
59 143 150 30 2.04124145231932 5 45
59 143 150 30 5 5 45
60 48 50 10 1.66666666666667 0 35
60 48 50 10 2.04124145231932 0 35
60 48 50 10 5 0 35
60 48 50 10 1.66666666666667 0 35
60 48 50 10 2.04124145231932 0 35
60 48 50 10 5 0 35
60 48 150 30 1.66666666666667 5 45
60 48 150 30 2.04124145231932 5 45
60 48 150 30 5 5 45
60 48 150 30 1.66666666666667 5 45
60 48 150 30 2.04124145231932 5 45
60 48 150 30 5 5 45
61 831 50 10 1.66666666666667 0 35
61 831 50 10 2.04124145231932 0 35
61 831 50 10 5 0 35
61 831 50 10 1.66666666666667 0 35
61 831 50 10 2.04124145231932 0 35
61 831 50 10 5 0 35
61 831 150 30 1.66666666666667 5 45
61 831 150 30 2.04124145231932 5 45
61 831 150 30 5 5 45
61 831 150 30 1.66666666666667 5 45
61 831 150 30 2.04124145231932 5 45
61 831 150 30 5 5 45
62 274 50 10 1.66666666666667 0 35
62 274 50 10 2.04124145231932 0 35
62 274 50 10 5 0 35
62 274 50 10 1.66666666666667 0 35
62 274 50 10 2.04124145231932 0 35
62 274 50 10 5 0 35
62 274 150 30 1.66666666666667 5 45
62 274 150 30 2.04124145231932 5 45
62 274 150 30 5 5 45
62 274 150 30 1.66666666666667 5 45
62 274 150 30 2.04124145231932 5 45
62 274 150 30 5 5 45
63 450 50 10 1.66666666666667 0 35
63 450 50 10 2.04124145231932 0 35
63 450 50 10 5 0 35
63 450 50 10 1.66666666666667 0 35
63 450 50 10 2.04124145231932 0 35
63 450 50 10 5 0 35
63 450 150 30 1.66666666666667 5 45
63 450 150 30 2.04124145231932 5 45
63 450 150 30 5 5 45
63 450 150 30 1.66666666666667 5 45
63 450 150 30 2.04124145231932 5 45
63 450 150 30 5 5 45
64 810 50 10 1.66666666666667 0 35
64 810 50 10 2.04124145231932 0 35
64 810 50 10 5 0 35
64 810 50 10 1.66666666666667 0 35
64 810 50 10 2.04124145231932 0 35
64 810 50 10 5 0 35
64 810 150 30 1.66666666666667 5 45
64 810 150 30 2.04124145231932 5 45
64 810 150 30 5 5 45
64 810 150 30 1.66666666666667 5 45
64 810 150 30 2.04124145231932 5 45
64 810 150 30 5 5 45
65 111 50 10 1.66666666666667 0 35
65 111 50 10 2.04124145231932 0 35
65 111 50 10 5 0 35
65 111 50 10 1.66666666666667 0 35
65 111 50 10 2.04124145231932 0 35
65 111 50 10 5 0 35
65 111 150 30 1.66666666666667 5 45
65 111 150 30 2.04124145231932 5 45
65 111 150 30 5 5 45
65 111 150 30 1.66666666666667 5 45
65 111 150 30 2.04124145231932 5 45
65 111 150 30 5 5 45
66 389 50 10 1.66666666666667 0 35
66 389 50 10 2.04124145231932 0 35
66 389 50 10 5 0 35
66 389 50 10 1.66666666666667 0 35
66 389 50 10 2.04124145231932 0 35
66 389 50 10 5 0 35
66 389 150 30 1.66666666666667 5 45
66 389 150 30 2.04124145231932 5 45
66 389 150 30 5 5 45
66 389 150 30 1.66666666666667 5 45
66 389 150 30 2.04124145231932 5 45
66 389 150 30 5 5 45
67 302 50 10 1.66666666666667 0 35
67 302 50 10 2.04124145231932 0 35
67 302 50 10 5 0 35
67 302 50 10 1.66666666666667 0 35
67 302 50 10 2.04124145231932 0 35
67 302 50 10 5 0 35
67 302 150 30 1.66666666666667 5 45
67 302 150 30 2.04124145231932 5 45
67 302 150 30 5 5 45
67 302 150 30 1.66666666666667 5 45
67 302 150 30 2.04124145231932 5 45
67 302 150 30 5 5 45
68 290 50 10 1.66666666666667 0 35
68 290 50 10 2.04124145231932 0 35
68 290 50 10 5 0 35
68 290 50 10 1.66666666666667 0 35
68 290 50 10 2.04124145231932 0 35
68 290 50 10 5 0 35
68 290 150 30 1.66666666666667 5 45
68 290 150 30 2.04124145231932 5 45
68 290 150 30 5 5 45
68 290 150 30 1.66666666666667 5 45
68 290 150 30 2.04124145231932 5 45
68 290 150 30 5 5 45
69 635 50 10 1.66666666666667 0 35
69 635 50 10 2.04124145231932 0 35
69 635 50 10 5 0 35
69 635 50 10 1.66666666666667 0 35
69 635 50 10 2.04124145231932 0 35
69 635 50 10 5 0 35
69 635 150 30 1.66666666666667 5 45
69 635 150 30 2.04124145231932 5 45
69 635 150 30 5 5 45
69 635 150 30 1.66666666666667 5 45
69 635 150 30 2.04124145231932 5 45
69 635 150 30 5 5 45
70 729 50 10 1.66666666666667 0 35
70 729 50 10 2.04124145231932 0 35
70 729 50 10 5 0 35
70 729 50 10 1.66666666666667 0 35
70 729 50 10 2.04124145231932 0 35
70 729 50 10 5 0 35
70 729 150 30 1.66666666666667 5 45
70 729 150 30 2.04124145231932 5 45
70 729 150 30 5 5 45
70 729 150 30 1.66666666666667 5 45
70 729 150 30 2.04124145231932 5 45
70 729 150 30 5 5 45
71 285 50 10 1.66666666666667 0 35
71 285 50 10 2.04124145231932 0 35
71 285 50 10 5 0 35
71 285 50 10 1.66666666666667 0 35
71 285 50 10 2.04124145231932 0 35
71 285 50 10 5 0 35
71 285 150 30 1.66666666666667 5 45
71 285 150 30 2.04124145231932 5 45
71 285 150 30 5 5 45
71 285 150 30 1.66666666666667 5 45
71 285 150 30 2.04124145231932 5 45
71 285 150 30 5 5 45
72 661 50 10 1.66666666666667 0 35
72 661 50 10 2.04124145231932 0 35
72 661 50 10 5 0 35
72 661 50 10 1.66666666666667 0 35
72 661 50 10 2.04124145231932 0 35
72 661 50 10 5 0 35
72 661 150 30 1.66666666666667 5 45
72 661 150 30 2.04124145231932 5 45
72 661 150 30 5 5 45
72 661 150 30 1.66666666666667 5 45
72 661 150 30 2.04124145231932 5 45
72 661 150 30 5 5 45
73 542 50 10 1.66666666666667 0 35
73 542 50 10 2.04124145231932 0 35
73 542 50 10 5 0 35
73 542 50 10 1.66666666666667 0 35
73 542 50 10 2.04124145231932 0 35
73 542 50 10 5 0 35
73 542 150 30 1.66666666666667 5 45
73 542 150 30 2.04124145231932 5 45
73 542 150 30 5 5 45
73 542 150 30 1.66666666666667 5 45
73 542 150 30 2.04124145231932 5 45
73 542 150 30 5 5 45
74 139 50 10 1.66666666666667 0 35
74 139 50 10 2.04124145231932 0 35
74 139 50 10 5 0 35
74 139 50 10 1.66666666666667 0 35
74 139 50 10 2.04124145231932 0 35
74 139 50 10 5 0 35
74 139 150 30 1.66666666666667 5 45
74 139 150 30 2.04124145231932 5 45
74 139 150 30 5 5 45
74 139 150 30 1.66666666666667 5 45
74 139 150 30 2.04124145231932 5 45
74 139 150 30 5 5 45
75 543 50 10 1.66666666666667 0 35
75 543 50 10 2.04124145231932 0 35
75 543 50 10 5 0 35
75 543 50 10 1.66666666666667 0 35
75 543 50 10 2.04124145231932 0 35
75 543 50 10 5 0 35
75 543 150 30 1.66666666666667 5 45
75 543 150 30 2.04124145231932 5 45
75 543 150 30 5 5 45
75 543 150 30 1.66666666666667 5 45
75 543 150 30 2.04124145231932 5 45
75 543 150 30 5 5 45
76 127 50 10 1.66666666666667 0 35
76 127 50 10 2.04124145231932 0 35
76 127 50 10 5 0 35
76 127 50 10 1.66666666666667 0 35
76 127 50 10 2.04124145231932 0 35
76 127 50 10 5 0 35
76 127 150 30 1.66666666666667 5 45
76 127 150 30 2.04124145231932 5 45
76 127 150 30 5 5 45
76 127 150 30 1.66666666666667 5 45
76 127 150 30 2.04124145231932 5 45
76 127 150 30 5 5 45
77 239 50 10 1.66666666666667 0 35
77 239 50 10 2.04124145231932 0 35
77 239 50 10 5 0 35
77 239 50 10 1.66666666666667 0 35
77 239 50 10 2.04124145231932 0 35
77 239 50 10 5 0 35
77 239 150 30 1.66666666666667 5 45
77 239 150 30 2.04124145231932 5 45
77 239 150 30 5 5 45
77 239 150 30 1.66666666666667 5 45
77 239 150 30 2.04124145231932 5 45
77 239 150 30 5 5 45
78 640 50 10 1.66666666666667 0 35
78 640 50 10 2.04124145231932 0 35
78 640 50 10 5 0 35
78 640 50 10 1.66666666666667 0 35
78 640 50 10 2.04124145231932 0 35
78 640 50 10 5 0 35
78 640 150 30 1.66666666666667 5 45
78 640 150 30 2.04124145231932 5 45
78 640 150 30 5 5 45
78 640 150 30 1.66666666666667 5 45
78 640 150 30 2.04124145231932 5 45
78 640 150 30 5 5 45
79 442 50 10 1.66666666666667 0 35
79 442 50 10 2.04124145231932 0 35
79 442 50 10 5 0 35
79 442 50 10 1.66666666666667 0 35
79 442 50 10 2.04124145231932 0 35
79 442 50 10 5 0 35
79 442 150 30 1.66666666666667 5 45
79 442 150 30 2.04124145231932 5 45
79 442 150 30 5 5 45
79 442 150 30 1.66666666666667 5 45
79 442 150 30 2.04124145231932 5 45
79 442 150 30 5 5 45
80 84 50 10 1.66666666666667 0 35
80 84 50 10 2.04124145231932 0 35
80 84 50 10 5 0 35
80 84 50 10 1.66666666666667 0 35
80 84 50 10 2.04124145231932 0 35
80 84 50 10 5 0 35
80 84 150 30 1.66666666666667 5 45
80 84 150 30 2.04124145231932 5 45
80 84 150 30 5 5 45
80 84 150 30 1.66666666666667 5 45
80 84 150 30 2.04124145231932 5 45
80 84 150 30 5 5 45
81 706 50 10 1.66666666666667 0 35
81 706 50 10 2.04124145231932 0 35
81 706 50 10 5 0 35
81 706 50 10 1.66666666666667 0 35
81 706 50 10 2.04124145231932 0 35
81 706 50 10 5 0 35
81 706 150 30 1.66666666666667 5 45
81 706 150 30 2.04124145231932 5 45
81 706 150 30 5 5 45
81 706 150 30 1.66666666666667 5 45
81 706 150 30 2.04124145231932 5 45
81 706 150 30 5 5 45
82 602 50 10 1.66666666666667 0 35
82 602 50 10 2.04124145231932 0 35
82 602 50 10 5 0 35
82 602 50 10 1.66666666666667 0 35
82 602 50 10 2.04124145231932 0 35
82 602 50 10 5 0 35
82 602 150 30 1.66666666666667 5 45
82 602 150 30 2.04124145231932 5 45
82 602 150 30 5 5 45
82 602 150 30 1.66666666666667 5 45
82 602 150 30 2.04124145231932 5 45
82 602 150 30 5 5 45
83 337 50 10 1.66666666666667 0 35
83 337 50 10 2.04124145231932 0 35
83 337 50 10 5 0 35
83 337 50 10 1.66666666666667 0 35
83 337 50 10 2.04124145231932 0 35
83 337 50 10 5 0 35
83 337 150 30 1.66666666666667 5 45
83 337 150 30 2.04124145231932 5 45
83 337 150 30 5 5 45
83 337 150 30 1.66666666666667 5 45
83 337 150 30 2.04124145231932 5 45
83 337 150 30 5 5 45
84 46 50 10 1.66666666666667 0 35
84 46 50 10 2.04124145231932 0 35
84 46 50 10 5 0 35
84 46 50 10 1.66666666666667 0 35
84 46 50 10 2.04124145231932 0 35
84 46 50 10 5 0 35
84 46 150 30 1.66666666666667 5 45
84 46 150 30 2.04124145231932 5 45
84 46 150 30 5 5 45
84 46 150 30 1.66666666666667 5 45
84 46 150 30 2.04124145231932 5 45
84 46 150 30 5 5 45
85 376 50 10 1.66666666666667 0 35
85 376 50 10 2.04124145231932 0 35
85 376 50 10 5 0 35
85 376 50 10 1.66666666666667 0 35
85 376 50 10 2.04124145231932 0 35
85 376 50 10 5 0 35
85 376 150 30 1.66666666666667 5 45
85 376 150 30 2.04124145231932 5 45
85 376 150 30 5 5 45
85 376 150 30 1.66666666666667 5 45
85 376 150 30 2.04124145231932 5 45
85 376 150 30 5 5 45
86 569 50 10 1.66666666666667 0 35
86 569 50 10 2.04124145231932 0 35
86 569 50 10 5 0 35
86 569 50 10 1.66666666666667 0 35
86 569 50 10 2.04124145231932 0 35
86 569 50 10 5 0 35
86 569 150 30 1.66666666666667 5 45
86 569 150 30 2.04124145231932 5 45
86 569 150 30 5 5 45
86 569 150 30 1.66666666666667 5 45
86 569 150 30 2.04124145231932 5 45
86 569 150 30 5 5 45
87 318 50 10 1.66666666666667 0 35
87 318 50 10 2.04124145231932 0 35
87 318 50 10 5 0 35
87 318 50 10 1.66666666666667 0 35
87 318 50 10 2.04124145231932 0 35
87 318 50 10 5 0 35
87 318 150 30 1.66666666666667 5 45
87 318 150 30 2.04124145231932 5 45
87 318 150 30 5 5 45
87 318 150 30 1.66666666666667 5 45
87 318 150 30 2.04124145231932 5 45
87 318 150 30 5 5 45
88 359 50 10 1.66666666666667 0 35
88 359 50 10 2.04124145231932 0 35
88 359 50 10 5 0 35
88 359 50 10 1.66666666666667 0 35
88 359 50 10 2.04124145231932 0 35
88 359 50 10 5 0 35
88 359 150 30 1.66666666666667 5 45
88 359 150 30 2.04124145231932 5 45
88 359 150 30 5 5 45
88 359 150 30 1.66666666666667 5 45
88 359 150 30 2.04124145231932 5 45
88 359 150 30 5 5 45
89 243 50 10 1.66666666666667 0 35
89 243 50 10 2.04124145231932 0 35
89 243 50 10 5 0 35
89 243 50 10 1.66666666666667 0 35
89 243 50 10 2.04124145231932 0 35
89 243 50 10 5 0 35
89 243 150 30 1.66666666666667 5 45
89 243 150 30 2.04124145231932 5 45
89 243 150 30 5 5 45
89 243 150 30 1.66666666666667 5 45
89 243 150 30 2.04124145231932 5 45
89 243 150 30 5 5 45
90 117 50 10 1.66666666666667 0 35
90 117 50 10 2.04124145231932 0 35
90 117 50 10 5 0 35
90 117 50 10 1.66666666666667 0 35
90 117 50 10 2.04124145231932 0 35
90 117 50 10 5 0 35
90 117 150 30 1.66666666666667 5 45
90 117 150 30 2.04124145231932 5 45
90 117 150 30 5 5 45
90 117 150 30 1.66666666666667 5 45
90 117 150 30 2.04124145231932 5 45
90 117 150 30 5 5 45
91 33 50 10 1.66666666666667 0 35
91 33 50 10 2.04124145231932 0 35
91 33 50 10 5 0 35
91 33 50 10 1.66666666666667 0 35
91 33 50 10 2.04124145231932 0 35
91 33 50 10 5 0 35
91 33 150 30 1.66666666666667 5 45
91 33 150 30 2.04124145231932 5 45
91 33 150 30 5 5 45
91 33 150 30 1.66666666666667 5 45
91 33 150 30 2.04124145231932 5 45
91 33 150 30 5 5 45
92 63 50 10 1.66666666666667 0 35
92 63 50 10 2.04124145231932 0 35
92 63 50 10 5 0 35
92 63 50 10 1.66666666666667 0 35
92 63 50 10 2.04124145231932 0 35
92 63 50 10 5 0 35
92 63 150 30 1.66666666666667 5 45
92 63 150 30 2.04124145231932 5 45
92 63 150 30 5 5 45
92 63 150 30 1.66666666666667 5 45
92 63 150 30 2.04124145231932 5 45
92 63 150 30 5 5 45
93 677 50 10 1.66666666666667 0 35
93 677 50 10 2.04124145231932 0 35
93 677 50 10 5 0 35
93 677 50 10 1.66666666666667 0 35
93 677 50 10 2.04124145231932 0 35
93 677 50 10 5 0 35
93 677 150 30 1.66666666666667 5 45
93 677 150 30 2.04124145231932 5 45
93 677 150 30 5 5 45
93 677 150 30 1.66666666666667 5 45
93 677 150 30 2.04124145231932 5 45
93 677 150 30 5 5 45
94 861 50 10 1.66666666666667 0 35
94 861 50 10 2.04124145231932 0 35
94 861 50 10 5 0 35
94 861 50 10 1.66666666666667 0 35
94 861 50 10 2.04124145231932 0 35
94 861 50 10 5 0 35
94 861 150 30 1.66666666666667 5 45
94 861 150 30 2.04124145231932 5 45
94 861 150 30 5 5 45
94 861 150 30 1.66666666666667 5 45
94 861 150 30 2.04124145231932 5 45
94 861 150 30 5 5 45
95 37 50 10 1.66666666666667 0 35
95 37 50 10 2.04124145231932 0 35
95 37 50 10 5 0 35
95 37 50 10 1.66666666666667 0 35
95 37 50 10 2.04124145231932 0 35
95 37 50 10 5 0 35
95 37 150 30 1.66666666666667 5 45
95 37 150 30 2.04124145231932 5 45
95 37 150 30 5 5 45
95 37 150 30 1.66666666666667 5 45
95 37 150 30 2.04124145231932 5 45
95 37 150 30 5 5 45
96 433 50 10 1.66666666666667 0 35
96 433 50 10 2.04124145231932 0 35
96 433 50 10 5 0 35
96 433 50 10 1.66666666666667 0 35
96 433 50 10 2.04124145231932 0 35
96 433 50 10 5 0 35
96 433 150 30 1.66666666666667 5 45
96 433 150 30 2.04124145231932 5 45
96 433 150 30 5 5 45
96 433 150 30 1.66666666666667 5 45
96 433 150 30 2.04124145231932 5 45
96 433 150 30 5 5 45
97 817 50 10 1.66666666666667 0 35
97 817 50 10 2.04124145231932 0 35
97 817 50 10 5 0 35
97 817 50 10 1.66666666666667 0 35
97 817 50 10 2.04124145231932 0 35
97 817 50 10 5 0 35
97 817 150 30 1.66666666666667 5 45
97 817 150 30 2.04124145231932 5 45
97 817 150 30 5 5 45
97 817 150 30 1.66666666666667 5 45
97 817 150 30 2.04124145231932 5 45
97 817 150 30 5 5 45
98 392 50 10 1.66666666666667 0 35
98 392 50 10 2.04124145231932 0 35
98 392 50 10 5 0 35
98 392 50 10 1.66666666666667 0 35
98 392 50 10 2.04124145231932 0 35
98 392 50 10 5 0 35
98 392 150 30 1.66666666666667 5 45
98 392 150 30 2.04124145231932 5 45
98 392 150 30 5 5 45
98 392 150 30 1.66666666666667 5 45
98 392 150 30 2.04124145231932 5 45
98 392 150 30 5 5 45
99 583 50 10 1.66666666666667 0 35
99 583 50 10 2.04124145231932 0 35
99 583 50 10 5 0 35
99 583 50 10 1.66666666666667 0 35
99 583 50 10 2.04124145231932 0 35
99 583 50 10 5 0 35
99 583 150 30 1.66666666666667 5 45
99 583 150 30 2.04124145231932 5 45
99 583 150 30 5 5 45
99 583 150 30 1.66666666666667 5 45
99 583 150 30 2.04124145231932 5 45
99 583 150 30 5 5 45
100 25 50 10 1.66666666666667 0 35
100 25 50 10 2.04124145231932 0 35
100 25 50 10 5 0 35
100 25 50 10 1.66666666666667 0 35
100 25 50 10 2.04124145231932 0 35
100 25 50 10 5 0 35
100 25 150 30 1.66666666666667 5 45
100 25 150 30 2.04124145231932 5 45
100 25 150 30 5 5 45
100 25 150 30 1.66666666666667 5 45
100 25 150 30 2.04124145231932 5 45
100 25 150 30 5 5 45
