1 89 150 30 0.1 0 45
1 89 150 30 0.2 0 45
1 89 150 30 0.3 0 45
1 89 150 30 0.1 5 45
1 89 150 30 0.2 5 45
1 89 150 30 0.3 5 45
2 331 150 30 0.1 0 45
2 331 150 30 0.2 0 45
2 331 150 30 0.3 0 45
2 331 150 30 0.1 5 45
2 331 150 30 0.2 5 45
2 331 150 30 0.3 5 45
3 628 150 30 0.1 0 45
3 628 150 30 0.2 0 45
3 628 150 30 0.3 0 45
3 628 150 30 0.1 5 45
3 628 150 30 0.2 5 45
3 628 150 30 0.3 5 45
4 958 150 30 0.1 0 45
4 958 150 30 0.2 0 45
4 958 150 30 0.3 0 45
4 958 150 30 0.1 5 45
4 958 150 30 0.2 5 45
4 958 150 30 0.3 5 45
5 619 150 30 0.1 0 45
5 619 150 30 0.2 0 45
5 619 150 30 0.3 0 45
5 619 150 30 0.1 5 45
5 619 150 30 0.2 5 45
5 619 150 30 0.3 5 45
6 41 150 30 0.1 0 45
6 41 150 30 0.2 0 45
6 41 150 30 0.3 0 45
6 41 150 30 0.1 5 45
6 41 150 30 0.2 5 45
6 41 150 30 0.3 5 45
7 216 150 30 0.1 0 45
7 216 150 30 0.2 0 45
7 216 150 30 0.3 0 45
7 216 150 30 0.1 5 45
7 216 150 30 0.2 5 45
7 216 150 30 0.3 5 45
8 960 150 30 0.1 0 45
8 960 150 30 0.2 0 45
8 960 150 30 0.3 0 45
8 960 150 30 0.1 5 45
8 960 150 30 0.2 5 45
8 960 150 30 0.3 5 45
9 137 150 30 0.1 0 45
9 137 150 30 0.2 0 45
9 137 150 30 0.3 0 45
9 137 150 30 0.1 5 45
9 137 150 30 0.2 5 45
9 137 150 30 0.3 5 45
10 63 150 30 0.1 0 45
10 63 150 30 0.2 0 45
10 63 150 30 0.3 0 45
10 63 150 30 0.1 5 45
10 63 150 30 0.2 5 45
10 63 150 30 0.3 5 45
11 435 150 30 0.1 0 45
11 435 150 30 0.2 0 45
11 435 150 30 0.3 0 45
11 435 150 30 0.1 5 45
11 435 150 30 0.2 5 45
11 435 150 30 0.3 5 45
12 140 150 30 0.1 0 45
12 140 150 30 0.2 0 45
12 140 150 30 0.3 0 45
12 140 150 30 0.1 5 45
12 140 150 30 0.2 5 45
12 140 150 30 0.3 5 45
13 442 150 30 0.1 0 45
13 442 150 30 0.2 0 45
13 442 150 30 0.3 0 45
13 442 150 30 0.1 5 45
13 442 150 30 0.2 5 45
13 442 150 30 0.3 5 45
14 262 150 30 0.1 0 45
14 262 150 30 0.2 0 45
14 262 150 30 0.3 0 45
14 262 150 30 0.1 5 45
14 262 150 30 0.2 5 45
14 262 150 30 0.3 5 45
15 65 150 30 0.1 0 45
15 65 150 30 0.2 0 45
15 65 150 30 0.3 0 45
15 65 150 30 0.1 5 45
15 65 150 30 0.2 5 45
15 65 150 30 0.3 5 45
16 253 150 30 0.1 0 45
16 253 150 30 0.2 0 45
16 253 150 30 0.3 0 45
16 253 150 30 0.1 5 45
16 253 150 30 0.2 5 45
16 253 150 30 0.3 5 45
17 678 150 30 0.1 0 45
17 678 150 30 0.2 0 45
17 678 150 30 0.3 0 45
17 678 150 30 0.1 5 45
17 678 150 30 0.2 5 45
17 678 150 30 0.3 5 45
18 274 150 30 0.1 0 45
18 274 150 30 0.2 0 45
18 274 150 30 0.3 0 45
18 274 150 30 0.1 5 45
18 274 150 30 0.2 5 45
18 274 150 30 0.3 5 45
19 19 150 30 0.1 0 45
19 19 150 30 0.2 0 45
19 19 150 30 0.3 0 45
19 19 150 30 0.1 5 45
19 19 150 30 0.2 5 45
19 19 150 30 0.3 5 45
20 380 150 30 0.1 0 45
20 380 150 30 0.2 0 45
20 380 150 30 0.3 0 45
20 380 150 30 0.1 5 45
20 380 150 30 0.2 5 45
20 380 150 30 0.3 5 45
21 581 150 30 0.1 0 45
21 581 150 30 0.2 0 45
21 581 150 30 0.3 0 45
21 581 150 30 0.1 5 45
21 581 150 30 0.2 5 45
21 581 150 30 0.3 5 45
22 558 150 30 0.1 0 45
22 558 150 30 0.2 0 45
22 558 150 30 0.3 0 45
22 558 150 30 0.1 5 45
22 558 150 30 0.2 5 45
22 558 150 30 0.3 5 45
23 513 150 30 0.1 0 45
23 513 150 30 0.2 0 45
23 513 150 30 0.3 0 45
23 513 150 30 0.1 5 45
23 513 150 30 0.2 5 45
23 513 150 30 0.3 5 45
24 744 150 30 0.1 0 45
24 744 150 30 0.2 0 45
24 744 150 30 0.3 0 45
24 744 150 30 0.1 5 45
24 744 150 30 0.2 5 45
24 744 150 30 0.3 5 45
25 564 150 30 0.1 0 45
25 564 150 30 0.2 0 45
25 564 150 30 0.3 0 45
25 564 150 30 0.1 5 45
25 564 150 30 0.2 5 45
25 564 150 30 0.3 5 45
26 675 150 30 0.1 0 45
26 675 150 30 0.2 0 45
26 675 150 30 0.3 0 45
26 675 150 30 0.1 5 45
26 675 150 30 0.2 5 45
26 675 150 30 0.3 5 45
27 437 150 30 0.1 0 45
27 437 150 30 0.2 0 45
27 437 150 30 0.3 0 45
27 437 150 30 0.1 5 45
27 437 150 30 0.2 5 45
27 437 150 30 0.3 5 45
28 867 150 30 0.1 0 45
28 867 150 30 0.2 0 45
28 867 150 30 0.3 0 45
28 867 150 30 0.1 5 45
28 867 150 30 0.2 5 45
28 867 150 30 0.3 5 45
29 204 150 30 0.1 0 45
29 204 150 30 0.2 0 45
29 204 150 30 0.3 0 45
29 204 150 30 0.1 5 45
29 204 150 30 0.2 5 45
29 204 150 30 0.3 5 45
30 959 150 30 0.1 0 45
30 959 150 30 0.2 0 45
30 959 150 30 0.3 0 45
30 959 150 30 0.1 5 45
30 959 150 30 0.2 5 45
30 959 150 30 0.3 5 45
31 881 150 30 0.1 0 45
31 881 150 30 0.2 0 45
31 881 150 30 0.3 0 45
31 881 150 30 0.1 5 45
31 881 150 30 0.2 5 45
31 881 150 30 0.3 5 45
32 590 150 30 0.1 0 45
32 590 150 30 0.2 0 45
32 590 150 30 0.3 0 45
32 590 150 30 0.1 5 45
32 590 150 30 0.2 5 45
32 590 150 30 0.3 5 45
33 11 150 30 0.1 0 45
33 11 150 30 0.2 0 45
33 11 150 30 0.3 0 45
33 11 150 30 0.1 5 45
33 11 150 30 0.2 5 45
33 11 150 30 0.3 5 45
34 308 150 30 0.1 0 45
34 308 150 30 0.2 0 45
34 308 150 30 0.3 0 45
34 308 150 30 0.1 5 45
34 308 150 30 0.2 5 45
34 308 150 30 0.3 5 45
35 209 150 30 0.1 0 45
35 209 150 30 0.2 0 45
35 209 150 30 0.3 0 45
35 209 150 30 0.1 5 45
35 209 150 30 0.2 5 45
35 209 150 30 0.3 5 45
36 966 150 30 0.1 0 45
36 966 150 30 0.2 0 45
36 966 150 30 0.3 0 45
36 966 150 30 0.1 5 45
36 966 150 30 0.2 5 45
36 966 150 30 0.3 5 45
37 58 150 30 0.1 0 45
37 58 150 30 0.2 0 45
37 58 150 30 0.3 0 45
37 58 150 30 0.1 5 45
37 58 150 30 0.2 5 45
37 58 150 30 0.3 5 45
38 735 150 30 0.1 0 45
38 735 150 30 0.2 0 45
38 735 150 30 0.3 0 45
38 735 150 30 0.1 5 45
38 735 150 30 0.2 5 45
38 735 150 30 0.3 5 45
39 419 150 30 0.1 0 45
39 419 150 30 0.2 0 45
39 419 150 30 0.3 0 45
39 419 150 30 0.1 5 45
39 419 150 30 0.2 5 45
39 419 150 30 0.3 5 45
40 361 150 30 0.1 0 45
40 361 150 30 0.2 0 45
40 361 150 30 0.3 0 45
40 361 150 30 0.1 5 45
40 361 150 30 0.2 5 45
40 361 150 30 0.3 5 45
41 878 150 30 0.1 0 45
41 878 150 30 0.2 0 45
41 878 150 30 0.3 0 45
41 878 150 30 0.1 5 45
41 878 150 30 0.2 5 45
41 878 150 30 0.3 5 45
42 390 150 30 0.1 0 45
42 390 150 30 0.2 0 45
42 390 150 30 0.3 0 45
42 390 150 30 0.1 5 45
42 390 150 30 0.2 5 45
42 390 150 30 0.3 5 45
43 762 150 30 0.1 0 45
43 762 150 30 0.2 0 45
43 762 150 30 0.3 0 45
43 762 150 30 0.1 5 45
43 762 150 30 0.2 5 45
43 762 150 30 0.3 5 45
44 945 150 30 0.1 0 45
44 945 150 30 0.2 0 45
44 945 150 30 0.3 0 45
44 945 150 30 0.1 5 45
44 945 150 30 0.2 5 45
44 945 150 30 0.3 5 45
45 321 150 30 0.1 0 45
45 321 150 30 0.2 0 45
45 321 150 30 0.3 0 45
45 321 150 30 0.1 5 45
45 321 150 30 0.2 5 45
45 321 150 30 0.3 5 45
46 863 150 30 0.1 0 45
46 863 150 30 0.2 0 45
46 863 150 30 0.3 0 45
46 863 150 30 0.1 5 45
46 863 150 30 0.2 5 45
46 863 150 30 0.3 5 45
47 962 150 30 0.1 0 45
47 962 150 30 0.2 0 45
47 962 150 30 0.3 0 45
47 962 150 30 0.1 5 45
47 962 150 30 0.2 5 45
47 962 150 30 0.3 5 45
48 998 150 30 0.1 0 45
48 998 150 30 0.2 0 45
48 998 150 30 0.3 0 45
48 998 150 30 0.1 5 45
48 998 150 30 0.2 5 45
48 998 150 30 0.3 5 45
49 904 150 30 0.1 0 45
49 904 150 30 0.2 0 45
49 904 150 30 0.3 0 45
49 904 150 30 0.1 5 45
49 904 150 30 0.2 5 45
49 904 150 30 0.3 5 45
50 240 150 30 0.1 0 45
50 240 150 30 0.2 0 45
50 240 150 30 0.3 0 45
50 240 150 30 0.1 5 45
50 240 150 30 0.2 5 45
50 240 150 30 0.3 5 45
51 639 150 30 0.1 0 45
51 639 150 30 0.2 0 45
51 639 150 30 0.3 0 45
51 639 150 30 0.1 5 45
51 639 150 30 0.2 5 45
51 639 150 30 0.3 5 45
52 334 150 30 0.1 0 45
52 334 150 30 0.2 0 45
52 334 150 30 0.3 0 45
52 334 150 30 0.1 5 45
52 334 150 30 0.2 5 45
52 334 150 30 0.3 5 45
53 78 150 30 0.1 0 45
53 78 150 30 0.2 0 45
53 78 150 30 0.3 0 45
53 78 150 30 0.1 5 45
53 78 150 30 0.2 5 45
53 78 150 30 0.3 5 45
54 97 150 30 0.1 0 45
54 97 150 30 0.2 0 45
54 97 150 30 0.3 0 45
54 97 150 30 0.1 5 45
54 97 150 30 0.2 5 45
54 97 150 30 0.3 5 45
55 618 150 30 0.1 0 45
55 618 150 30 0.2 0 45
55 618 150 30 0.3 0 45
55 618 150 30 0.1 5 45
55 618 150 30 0.2 5 45
55 618 150 30 0.3 5 45
56 891 150 30 0.1 0 45
56 891 150 30 0.2 0 45
56 891 150 30 0.3 0 45
56 891 150 30 0.1 5 45
56 891 150 30 0.2 5 45
56 891 150 30 0.3 5 45
57 677 150 30 0.1 0 45
57 677 150 30 0.2 0 45
57 677 150 30 0.3 0 45
57 677 150 30 0.1 5 45
57 677 150 30 0.2 5 45
57 677 150 30 0.3 5 45
58 657 150 30 0.1 0 45
58 657 150 30 0.2 0 45
58 657 150 30 0.3 0 45
58 657 150 30 0.1 5 45
58 657 150 30 0.2 5 45
58 657 150 30 0.3 5 45
59 49 150 30 0.1 0 45
59 49 150 30 0.2 0 45
59 49 150 30 0.3 0 45
59 49 150 30 0.1 5 45
59 49 150 30 0.2 5 45
59 49 150 30 0.3 5 45
60 612 150 30 0.1 0 45
60 612 150 30 0.2 0 45
60 612 150 30 0.3 0 45
60 612 150 30 0.1 5 45
60 612 150 30 0.2 5 45
60 612 150 30 0.3 5 45
61 963 150 30 0.1 0 45
61 963 150 30 0.2 0 45
61 963 150 30 0.3 0 45
61 963 150 30 0.1 5 45
61 963 150 30 0.2 5 45
61 963 150 30 0.3 5 45
62 909 150 30 0.1 0 45
62 909 150 30 0.2 0 45
62 909 150 30 0.3 0 45
62 909 150 30 0.1 5 45
62 909 150 30 0.2 5 45
62 909 150 30 0.3 5 45
63 233 150 30 0.1 0 45
63 233 150 30 0.2 0 45
63 233 150 30 0.3 0 45
63 233 150 30 0.1 5 45
63 233 150 30 0.2 5 45
63 233 150 30 0.3 5 45
64 174 150 30 0.1 0 45
64 174 150 30 0.2 0 45
64 174 150 30 0.3 0 45
64 174 150 30 0.1 5 45
64 174 150 30 0.2 5 45
64 174 150 30 0.3 5 45
65 126 150 30 0.1 0 45
65 126 150 30 0.2 0 45
65 126 150 30 0.3 0 45
65 126 150 30 0.1 5 45
65 126 150 30 0.2 5 45
65 126 150 30 0.3 5 45
66 186 150 30 0.1 0 45
66 186 150 30 0.2 0 45
66 186 150 30 0.3 0 45
66 186 150 30 0.1 5 45
66 186 150 30 0.2 5 45
66 186 150 30 0.3 5 45
67 344 150 30 0.1 0 45
67 344 150 30 0.2 0 45
67 344 150 30 0.3 0 45
67 344 150 30 0.1 5 45
67 344 150 30 0.2 5 45
67 344 150 30 0.3 5 45
68 359 150 30 0.1 0 45
68 359 150 30 0.2 0 45
68 359 150 30 0.3 0 45
68 359 150 30 0.1 5 45
68 359 150 30 0.2 5 45
68 359 150 30 0.3 5 45
69 527 150 30 0.1 0 45
69 527 150 30 0.2 0 45
69 527 150 30 0.3 0 45
69 527 150 30 0.1 5 45
69 527 150 30 0.2 5 45
69 527 150 30 0.3 5 45
70 432 150 30 0.1 0 45
70 432 150 30 0.2 0 45
70 432 150 30 0.3 0 45
70 432 150 30 0.1 5 45
70 432 150 30 0.2 5 45
70 432 150 30 0.3 5 45
71 968 150 30 0.1 0 45
71 968 150 30 0.2 0 45
71 968 150 30 0.3 0 45
71 968 150 30 0.1 5 45
71 968 150 30 0.2 5 45
71 968 150 30 0.3 5 45
72 714 150 30 0.1 0 45
72 714 150 30 0.2 0 45
72 714 150 30 0.3 0 45
72 714 150 30 0.1 5 45
72 714 150 30 0.2 5 45
72 714 150 30 0.3 5 45
73 37 150 30 0.1 0 45
73 37 150 30 0.2 0 45
73 37 150 30 0.3 0 45
73 37 150 30 0.1 5 45
73 37 150 30 0.2 5 45
73 37 150 30 0.3 5 45
74 573 150 30 0.1 0 45
74 573 150 30 0.2 0 45
74 573 150 30 0.3 0 45
74 573 150 30 0.1 5 45
74 573 150 30 0.2 5 45
74 573 150 30 0.3 5 45
75 544 150 30 0.1 0 45
75 544 150 30 0.2 0 45
75 544 150 30 0.3 0 45
75 544 150 30 0.1 5 45
75 544 150 30 0.2 5 45
75 544 150 30 0.3 5 45
76 178 150 30 0.1 0 45
76 178 150 30 0.2 0 45
76 178 150 30 0.3 0 45
76 178 150 30 0.1 5 45
76 178 150 30 0.2 5 45
76 178 150 30 0.3 5 45
77 48 150 30 0.1 0 45
77 48 150 30 0.2 0 45
77 48 150 30 0.3 0 45
77 48 150 30 0.1 5 45
77 48 150 30 0.2 5 45
77 48 150 30 0.3 5 45
78 106 150 30 0.1 0 45
78 106 150 30 0.2 0 45
78 106 150 30 0.3 0 45
78 106 150 30 0.1 5 45
78 106 150 30 0.2 5 45
78 106 150 30 0.3 5 45
79 175 150 30 0.1 0 45
79 175 150 30 0.2 0 45
79 175 150 30 0.3 0 45
79 175 150 30 0.1 5 45
79 175 150 30 0.2 5 45
79 175 150 30 0.3 5 45
80 828 150 30 0.1 0 45
80 828 150 30 0.2 0 45
80 828 150 30 0.3 0 45
80 828 150 30 0.1 5 45
80 828 150 30 0.2 5 45
80 828 150 30 0.3 5 45
81 754 150 30 0.1 0 45
81 754 150 30 0.2 0 45
81 754 150 30 0.3 0 45
81 754 150 30 0.1 5 45
81 754 150 30 0.2 5 45
81 754 150 30 0.3 5 45
82 511 150 30 0.1 0 45
82 511 150 30 0.2 0 45
82 511 150 30 0.3 0 45
82 511 150 30 0.1 5 45
82 511 150 30 0.2 5 45
82 511 150 30 0.3 5 45
83 576 150 30 0.1 0 45
83 576 150 30 0.2 0 45
83 576 150 30 0.3 0 45
83 576 150 30 0.1 5 45
83 576 150 30 0.2 5 45
83 576 150 30 0.3 5 45
84 584 150 30 0.1 0 45
84 584 150 30 0.2 0 45
84 584 150 30 0.3 0 45
84 584 150 30 0.1 5 45
84 584 150 30 0.2 5 45
84 584 150 30 0.3 5 45
85 462 150 30 0.1 0 45
85 462 150 30 0.2 0 45
85 462 150 30 0.3 0 45
85 462 150 30 0.1 5 45
85 462 150 30 0.2 5 45
85 462 150 30 0.3 5 45
86 198 150 30 0.1 0 45
86 198 150 30 0.2 0 45
86 198 150 30 0.3 0 45
86 198 150 30 0.1 5 45
86 198 150 30 0.2 5 45
86 198 150 30 0.3 5 45
87 702 150 30 0.1 0 45
87 702 150 30 0.2 0 45
87 702 150 30 0.3 0 45
87 702 150 30 0.1 5 45
87 702 150 30 0.2 5 45
87 702 150 30 0.3 5 45
88 742 150 30 0.1 0 45
88 742 150 30 0.2 0 45
88 742 150 30 0.3 0 45
88 742 150 30 0.1 5 45
88 742 150 30 0.2 5 45
88 742 150 30 0.3 5 45
89 647 150 30 0.1 0 45
89 647 150 30 0.2 0 45
89 647 150 30 0.3 0 45
89 647 150 30 0.1 5 45
89 647 150 30 0.2 5 45
89 647 150 30 0.3 5 45
90 873 150 30 0.1 0 45
90 873 150 30 0.2 0 45
90 873 150 30 0.3 0 45
90 873 150 30 0.1 5 45
90 873 150 30 0.2 5 45
90 873 150 30 0.3 5 45
91 302 150 30 0.1 0 45
91 302 150 30 0.2 0 45
91 302 150 30 0.3 0 45
91 302 150 30 0.1 5 45
91 302 150 30 0.2 5 45
91 302 150 30 0.3 5 45
92 846 150 30 0.1 0 45
92 846 150 30 0.2 0 45
92 846 150 30 0.3 0 45
92 846 150 30 0.1 5 45
92 846 150 30 0.2 5 45
92 846 150 30 0.3 5 45
93 339 150 30 0.1 0 45
93 339 150 30 0.2 0 45
93 339 150 30 0.3 0 45
93 339 150 30 0.1 5 45
93 339 150 30 0.2 5 45
93 339 150 30 0.3 5 45
94 852 150 30 0.1 0 45
94 852 150 30 0.2 0 45
94 852 150 30 0.3 0 45
94 852 150 30 0.1 5 45
94 852 150 30 0.2 5 45
94 852 150 30 0.3 5 45
95 724 150 30 0.1 0 45
95 724 150 30 0.2 0 45
95 724 150 30 0.3 0 45
95 724 150 30 0.1 5 45
95 724 150 30 0.2 5 45
95 724 150 30 0.3 5 45
96 992 150 30 0.1 0 45
96 992 150 30 0.2 0 45
96 992 150 30 0.3 0 45
96 992 150 30 0.1 5 45
96 992 150 30 0.2 5 45
96 992 150 30 0.3 5 45
97 908 150 30 0.1 0 45
97 908 150 30 0.2 0 45
97 908 150 30 0.3 0 45
97 908 150 30 0.1 5 45
97 908 150 30 0.2 5 45
97 908 150 30 0.3 5 45
98 680 150 30 0.1 0 45
98 680 150 30 0.2 0 45
98 680 150 30 0.3 0 45
98 680 150 30 0.1 5 45
98 680 150 30 0.2 5 45
98 680 150 30 0.3 5 45
99 391 150 30 0.1 0 45
99 391 150 30 0.2 0 45
99 391 150 30 0.3 0 45
99 391 150 30 0.1 5 45
99 391 150 30 0.2 5 45
99 391 150 30 0.3 5 45
100 870 150 30 0.1 0 45
100 870 150 30 0.2 0 45
100 870 150 30 0.3 0 45
100 870 150 30 0.1 5 45
100 870 150 30 0.2 5 45
100 870 150 30 0.3 5 45
