1 716 50 10 0.033 0 30
1 716 50 10 0.041 0 30
1 716 50 10 0.1 0 30
1 716 50 10 1.667 5 35
1 716 50 10 2.041 5 35
1 716 50 10 5 5 35
1 716 50 10 3.333 10 40
1 716 50 10 4.082 10 40
1 716 50 10 10 10 40
1 716 150 30 0.033 0 40
1 716 150 30 0.041 0 40
1 716 150 30 0.1 0 40
1 716 150 30 1.667 5 45
1 716 150 30 2.041 5 45
1 716 150 30 5 5 45
1 716 150 30 3.333 10 55
1 716 150 30 4.082 10 55
1 716 150 30 10 10 55
2 478 50 10 0.033 0 30
2 478 50 10 0.041 0 30
2 478 50 10 0.1 0 30
2 478 50 10 1.667 5 35
2 478 50 10 2.041 5 35
2 478 50 10 5 5 35
2 478 50 10 3.333 10 40
2 478 50 10 4.082 10 40
2 478 50 10 10 10 40
2 478 150 30 0.033 0 40
2 478 150 30 0.041 0 40
2 478 150 30 0.1 0 40
2 478 150 30 1.667 5 45
2 478 150 30 2.041 5 45
2 478 150 30 5 5 45
2 478 150 30 3.333 10 55
2 478 150 30 4.082 10 55
2 478 150 30 10 10 55
3 493 50 10 0.033 0 30
3 493 50 10 0.041 0 30
3 493 50 10 0.1 0 30
3 493 50 10 1.667 5 35
3 493 50 10 2.041 5 35
3 493 50 10 5 5 35
3 493 50 10 3.333 10 40
3 493 50 10 4.082 10 40
3 493 50 10 10 10 40
3 493 150 30 0.033 0 40
3 493 150 30 0.041 0 40
3 493 150 30 0.1 0 40
3 493 150 30 1.667 5 45
3 493 150 30 2.041 5 45
3 493 150 30 5 5 45
3 493 150 30 3.333 10 55
3 493 150 30 4.082 10 55
3 493 150 30 10 10 55
4 640 50 10 0.033 0 30
4 640 50 10 0.041 0 30
4 640 50 10 0.1 0 30
4 640 50 10 1.667 5 35
4 640 50 10 2.041 5 35
4 640 50 10 5 5 35
4 640 50 10 3.333 10 40
4 640 50 10 4.082 10 40
4 640 50 10 10 10 40
4 640 150 30 0.033 0 40
4 640 150 30 0.041 0 40
4 640 150 30 0.1 0 40
4 640 150 30 1.667 5 45
4 640 150 30 2.041 5 45
4 640 150 30 5 5 45
4 640 150 30 3.333 10 55
4 640 150 30 4.082 10 55
4 640 150 30 10 10 55
5 849 50 10 0.033 0 30
5 849 50 10 0.041 0 30
5 849 50 10 0.1 0 30
5 849 50 10 1.667 5 35
5 849 50 10 2.041 5 35
5 849 50 10 5 5 35
5 849 50 10 3.333 10 40
5 849 50 10 4.082 10 40
5 849 50 10 10 10 40
5 849 150 30 0.033 0 40
5 849 150 30 0.041 0 40
5 849 150 30 0.1 0 40
5 849 150 30 1.667 5 45
5 849 150 30 2.041 5 45
5 849 150 30 5 5 45
5 849 150 30 3.333 10 55
5 849 150 30 4.082 10 55
5 849 150 30 10 10 55
6 839 50 10 0.033 0 30
6 839 50 10 0.041 0 30
6 839 50 10 0.1 0 30
6 839 50 10 1.667 5 35
6 839 50 10 2.041 5 35
6 839 50 10 5 5 35
6 839 50 10 3.333 10 40
6 839 50 10 4.082 10 40
6 839 50 10 10 10 40
6 839 150 30 0.033 0 40
6 839 150 30 0.041 0 40
6 839 150 30 0.1 0 40
6 839 150 30 1.667 5 45
6 839 150 30 2.041 5 45
6 839 150 30 5 5 45
6 839 150 30 3.333 10 55
6 839 150 30 4.082 10 55
6 839 150 30 10 10 55
7 79 50 10 0.033 0 30
7 79 50 10 0.041 0 30
7 79 50 10 0.1 0 30
7 79 50 10 1.667 5 35
7 79 50 10 2.041 5 35
7 79 50 10 5 5 35
7 79 50 10 3.333 10 40
7 79 50 10 4.082 10 40
7 79 50 10 10 10 40
7 79 150 30 0.033 0 40
7 79 150 30 0.041 0 40
7 79 150 30 0.1 0 40
7 79 150 30 1.667 5 45
7 79 150 30 2.041 5 45
7 79 150 30 5 5 45
7 79 150 30 3.333 10 55
7 79 150 30 4.082 10 55
7 79 150 30 10 10 55
8 597 50 10 0.033 0 30
8 597 50 10 0.041 0 30
8 597 50 10 0.1 0 30
8 597 50 10 1.667 5 35
8 597 50 10 2.041 5 35
8 597 50 10 5 5 35
8 597 50 10 3.333 10 40
8 597 50 10 4.082 10 40
8 597 50 10 10 10 40
8 597 150 30 0.033 0 40
8 597 150 30 0.041 0 40
8 597 150 30 0.1 0 40
8 597 150 30 1.667 5 45
8 597 150 30 2.041 5 45
8 597 150 30 5 5 45
8 597 150 30 3.333 10 55
8 597 150 30 4.082 10 55
8 597 150 30 10 10 55
9 381 50 10 0.033 0 30
9 381 50 10 0.041 0 30
9 381 50 10 0.1 0 30
9 381 50 10 1.667 5 35
9 381 50 10 2.041 5 35
9 381 50 10 5 5 35
9 381 50 10 3.333 10 40
9 381 50 10 4.082 10 40
9 381 50 10 10 10 40
9 381 150 30 0.033 0 40
9 381 150 30 0.041 0 40
9 381 150 30 0.1 0 40
9 381 150 30 1.667 5 45
9 381 150 30 2.041 5 45
9 381 150 30 5 5 45
9 381 150 30 3.333 10 55
9 381 150 30 4.082 10 55
9 381 150 30 10 10 55
10 722 50 10 0.033 0 30
10 722 50 10 0.041 0 30
10 722 50 10 0.1 0 30
10 722 50 10 1.667 5 35
10 722 50 10 2.041 5 35
10 722 50 10 5 5 35
10 722 50 10 3.333 10 40
10 722 50 10 4.082 10 40
10 722 50 10 10 10 40
10 722 150 30 0.033 0 40
10 722 150 30 0.041 0 40
10 722 150 30 0.1 0 40
10 722 150 30 1.667 5 45
10 722 150 30 2.041 5 45
10 722 150 30 5 5 45
10 722 150 30 3.333 10 55
10 722 150 30 4.082 10 55
10 722 150 30 10 10 55
11 638 50 10 0.033 0 30
11 638 50 10 0.041 0 30
11 638 50 10 0.1 0 30
11 638 50 10 1.667 5 35
11 638 50 10 2.041 5 35
11 638 50 10 5 5 35
11 638 50 10 3.333 10 40
11 638 50 10 4.082 10 40
11 638 50 10 10 10 40
11 638 150 30 0.033 0 40
11 638 150 30 0.041 0 40
11 638 150 30 0.1 0 40
11 638 150 30 1.667 5 45
11 638 150 30 2.041 5 45
11 638 150 30 5 5 45
11 638 150 30 3.333 10 55
11 638 150 30 4.082 10 55
11 638 150 30 10 10 55
12 504 50 10 0.033 0 30
12 504 50 10 0.041 0 30
12 504 50 10 0.1 0 30
12 504 50 10 1.667 5 35
12 504 50 10 2.041 5 35
12 504 50 10 5 5 35
12 504 50 10 3.333 10 40
12 504 50 10 4.082 10 40
12 504 50 10 10 10 40
12 504 150 30 0.033 0 40
12 504 150 30 0.041 0 40
12 504 150 30 0.1 0 40
12 504 150 30 1.667 5 45
12 504 150 30 2.041 5 45
12 504 150 30 5 5 45
12 504 150 30 3.333 10 55
12 504 150 30 4.082 10 55
12 504 150 30 10 10 55
13 291 50 10 0.033 0 30
13 291 50 10 0.041 0 30
13 291 50 10 0.1 0 30
13 291 50 10 1.667 5 35
13 291 50 10 2.041 5 35
13 291 50 10 5 5 35
13 291 50 10 3.333 10 40
13 291 50 10 4.082 10 40
13 291 50 10 10 10 40
13 291 150 30 0.033 0 40
13 291 150 30 0.041 0 40
13 291 150 30 0.1 0 40
13 291 150 30 1.667 5 45
13 291 150 30 2.041 5 45
13 291 150 30 5 5 45
13 291 150 30 3.333 10 55
13 291 150 30 4.082 10 55
13 291 150 30 10 10 55
14 912 50 10 0.033 0 30
14 912 50 10 0.041 0 30
14 912 50 10 0.1 0 30
14 912 50 10 1.667 5 35
14 912 50 10 2.041 5 35
14 912 50 10 5 5 35
14 912 50 10 3.333 10 40
14 912 50 10 4.082 10 40
14 912 50 10 10 10 40
14 912 150 30 0.033 0 40
14 912 150 30 0.041 0 40
14 912 150 30 0.1 0 40
14 912 150 30 1.667 5 45
14 912 150 30 2.041 5 45
14 912 150 30 5 5 45
14 912 150 30 3.333 10 55
14 912 150 30 4.082 10 55
14 912 150 30 10 10 55
15 787 50 10 0.033 0 30
15 787 50 10 0.041 0 30
15 787 50 10 0.1 0 30
15 787 50 10 1.667 5 35
15 787 50 10 2.041 5 35
15 787 50 10 5 5 35
15 787 50 10 3.333 10 40
15 787 50 10 4.082 10 40
15 787 50 10 10 10 40
15 787 150 30 0.033 0 40
15 787 150 30 0.041 0 40
15 787 150 30 0.1 0 40
15 787 150 30 1.667 5 45
15 787 150 30 2.041 5 45
15 787 150 30 5 5 45
15 787 150 30 3.333 10 55
15 787 150 30 4.082 10 55
15 787 150 30 10 10 55
16 875 50 10 0.033 0 30
16 875 50 10 0.041 0 30
16 875 50 10 0.1 0 30
16 875 50 10 1.667 5 35
16 875 50 10 2.041 5 35
16 875 50 10 5 5 35
16 875 50 10 3.333 10 40
16 875 50 10 4.082 10 40
16 875 50 10 10 10 40
16 875 150 30 0.033 0 40
16 875 150 30 0.041 0 40
16 875 150 30 0.1 0 40
16 875 150 30 1.667 5 45
16 875 150 30 2.041 5 45
16 875 150 30 5 5 45
16 875 150 30 3.333 10 55
16 875 150 30 4.082 10 55
16 875 150 30 10 10 55
17 554 50 10 0.033 0 30
17 554 50 10 0.041 0 30
17 554 50 10 0.1 0 30
17 554 50 10 1.667 5 35
17 554 50 10 2.041 5 35
17 554 50 10 5 5 35
17 554 50 10 3.333 10 40
17 554 50 10 4.082 10 40
17 554 50 10 10 10 40
17 554 150 30 0.033 0 40
17 554 150 30 0.041 0 40
17 554 150 30 0.1 0 40
17 554 150 30 1.667 5 45
17 554 150 30 2.041 5 45
17 554 150 30 5 5 45
17 554 150 30 3.333 10 55
17 554 150 30 4.082 10 55
17 554 150 30 10 10 55
18 738 50 10 0.033 0 30
18 738 50 10 0.041 0 30
18 738 50 10 0.1 0 30
18 738 50 10 1.667 5 35
18 738 50 10 2.041 5 35
18 738 50 10 5 5 35
18 738 50 10 3.333 10 40
18 738 50 10 4.082 10 40
18 738 50 10 10 10 40
18 738 150 30 0.033 0 40
18 738 150 30 0.041 0 40
18 738 150 30 0.1 0 40
18 738 150 30 1.667 5 45
18 738 150 30 2.041 5 45
18 738 150 30 5 5 45
18 738 150 30 3.333 10 55
18 738 150 30 4.082 10 55
18 738 150 30 10 10 55
19 28 50 10 0.033 0 30
19 28 50 10 0.041 0 30
19 28 50 10 0.1 0 30
19 28 50 10 1.667 5 35
19 28 50 10 2.041 5 35
19 28 50 10 5 5 35
19 28 50 10 3.333 10 40
19 28 50 10 4.082 10 40
19 28 50 10 10 10 40
19 28 150 30 0.033 0 40
19 28 150 30 0.041 0 40
19 28 150 30 0.1 0 40
19 28 150 30 1.667 5 45
19 28 150 30 2.041 5 45
19 28 150 30 5 5 45
19 28 150 30 3.333 10 55
19 28 150 30 4.082 10 55
19 28 150 30 10 10 55
20 127 50 10 0.033 0 30
20 127 50 10 0.041 0 30
20 127 50 10 0.1 0 30
20 127 50 10 1.667 5 35
20 127 50 10 2.041 5 35
20 127 50 10 5 5 35
20 127 50 10 3.333 10 40
20 127 50 10 4.082 10 40
20 127 50 10 10 10 40
20 127 150 30 0.033 0 40
20 127 150 30 0.041 0 40
20 127 150 30 0.1 0 40
20 127 150 30 1.667 5 45
20 127 150 30 2.041 5 45
20 127 150 30 5 5 45
20 127 150 30 3.333 10 55
20 127 150 30 4.082 10 55
20 127 150 30 10 10 55
21 771 50 10 0.033 0 30
21 771 50 10 0.041 0 30
21 771 50 10 0.1 0 30
21 771 50 10 1.667 5 35
21 771 50 10 2.041 5 35
21 771 50 10 5 5 35
21 771 50 10 3.333 10 40
21 771 50 10 4.082 10 40
21 771 50 10 10 10 40
21 771 150 30 0.033 0 40
21 771 150 30 0.041 0 40
21 771 150 30 0.1 0 40
21 771 150 30 1.667 5 45
21 771 150 30 2.041 5 45
21 771 150 30 5 5 45
21 771 150 30 3.333 10 55
21 771 150 30 4.082 10 55
21 771 150 30 10 10 55
22 680 50 10 0.033 0 30
22 680 50 10 0.041 0 30
22 680 50 10 0.1 0 30
22 680 50 10 1.667 5 35
22 680 50 10 2.041 5 35
22 680 50 10 5 5 35
22 680 50 10 3.333 10 40
22 680 50 10 4.082 10 40
22 680 50 10 10 10 40
22 680 150 30 0.033 0 40
22 680 150 30 0.041 0 40
22 680 150 30 0.1 0 40
22 680 150 30 1.667 5 45
22 680 150 30 2.041 5 45
22 680 150 30 5 5 45
22 680 150 30 3.333 10 55
22 680 150 30 4.082 10 55
22 680 150 30 10 10 55
23 941 50 10 0.033 0 30
23 941 50 10 0.041 0 30
23 941 50 10 0.1 0 30
23 941 50 10 1.667 5 35
23 941 50 10 2.041 5 35
23 941 50 10 5 5 35
23 941 50 10 3.333 10 40
23 941 50 10 4.082 10 40
23 941 50 10 10 10 40
23 941 150 30 0.033 0 40
23 941 150 30 0.041 0 40
23 941 150 30 0.1 0 40
23 941 150 30 1.667 5 45
23 941 150 30 2.041 5 45
23 941 150 30 5 5 45
23 941 150 30 3.333 10 55
23 941 150 30 4.082 10 55
23 941 150 30 10 10 55
24 590 50 10 0.033 0 30
24 590 50 10 0.041 0 30
24 590 50 10 0.1 0 30
24 590 50 10 1.667 5 35
24 590 50 10 2.041 5 35
24 590 50 10 5 5 35
24 590 50 10 3.333 10 40
24 590 50 10 4.082 10 40
24 590 50 10 10 10 40
24 590 150 30 0.033 0 40
24 590 150 30 0.041 0 40
24 590 150 30 0.1 0 40
24 590 150 30 1.667 5 45
24 590 150 30 2.041 5 45
24 590 150 30 5 5 45
24 590 150 30 3.333 10 55
24 590 150 30 4.082 10 55
24 590 150 30 10 10 55
25 415 50 10 0.033 0 30
25 415 50 10 0.041 0 30
25 415 50 10 0.1 0 30
25 415 50 10 1.667 5 35
25 415 50 10 2.041 5 35
25 415 50 10 5 5 35
25 415 50 10 3.333 10 40
25 415 50 10 4.082 10 40
25 415 50 10 10 10 40
25 415 150 30 0.033 0 40
25 415 150 30 0.041 0 40
25 415 150 30 0.1 0 40
25 415 150 30 1.667 5 45
25 415 150 30 2.041 5 45
25 415 150 30 5 5 45
25 415 150 30 3.333 10 55
25 415 150 30 4.082 10 55
25 415 150 30 10 10 55
26 314 50 10 0.033 0 30
26 314 50 10 0.041 0 30
26 314 50 10 0.1 0 30
26 314 50 10 1.667 5 35
26 314 50 10 2.041 5 35
26 314 50 10 5 5 35
26 314 50 10 3.333 10 40
26 314 50 10 4.082 10 40
26 314 50 10 10 10 40
26 314 150 30 0.033 0 40
26 314 150 30 0.041 0 40
26 314 150 30 0.1 0 40
26 314 150 30 1.667 5 45
26 314 150 30 2.041 5 45
26 314 150 30 5 5 45
26 314 150 30 3.333 10 55
26 314 150 30 4.082 10 55
26 314 150 30 10 10 55
27 384 50 10 0.033 0 30
27 384 50 10 0.041 0 30
27 384 50 10 0.1 0 30
27 384 50 10 1.667 5 35
27 384 50 10 2.041 5 35
27 384 50 10 5 5 35
27 384 50 10 3.333 10 40
27 384 50 10 4.082 10 40
27 384 50 10 10 10 40
27 384 150 30 0.033 0 40
27 384 150 30 0.041 0 40
27 384 150 30 0.1 0 40
27 384 150 30 1.667 5 45
27 384 150 30 2.041 5 45
27 384 150 30 5 5 45
27 384 150 30 3.333 10 55
27 384 150 30 4.082 10 55
27 384 150 30 10 10 55
28 893 50 10 0.033 0 30
28 893 50 10 0.041 0 30
28 893 50 10 0.1 0 30
28 893 50 10 1.667 5 35
28 893 50 10 2.041 5 35
28 893 50 10 5 5 35
28 893 50 10 3.333 10 40
28 893 50 10 4.082 10 40
28 893 50 10 10 10 40
28 893 150 30 0.033 0 40
28 893 150 30 0.041 0 40
28 893 150 30 0.1 0 40
28 893 150 30 1.667 5 45
28 893 150 30 2.041 5 45
28 893 150 30 5 5 45
28 893 150 30 3.333 10 55
28 893 150 30 4.082 10 55
28 893 150 30 10 10 55
29 726 50 10 0.033 0 30
29 726 50 10 0.041 0 30
29 726 50 10 0.1 0 30
29 726 50 10 1.667 5 35
29 726 50 10 2.041 5 35
29 726 50 10 5 5 35
29 726 50 10 3.333 10 40
29 726 50 10 4.082 10 40
29 726 50 10 10 10 40
29 726 150 30 0.033 0 40
29 726 150 30 0.041 0 40
29 726 150 30 0.1 0 40
29 726 150 30 1.667 5 45
29 726 150 30 2.041 5 45
29 726 150 30 5 5 45
29 726 150 30 3.333 10 55
29 726 150 30 4.082 10 55
29 726 150 30 10 10 55
30 829 50 10 0.033 0 30
30 829 50 10 0.041 0 30
30 829 50 10 0.1 0 30
30 829 50 10 1.667 5 35
30 829 50 10 2.041 5 35
30 829 50 10 5 5 35
30 829 50 10 3.333 10 40
30 829 50 10 4.082 10 40
30 829 50 10 10 10 40
30 829 150 30 0.033 0 40
30 829 150 30 0.041 0 40
30 829 150 30 0.1 0 40
30 829 150 30 1.667 5 45
30 829 150 30 2.041 5 45
30 829 150 30 5 5 45
30 829 150 30 3.333 10 55
30 829 150 30 4.082 10 55
30 829 150 30 10 10 55
31 435 50 10 0.033 0 30
31 435 50 10 0.041 0 30
31 435 50 10 0.1 0 30
31 435 50 10 1.667 5 35
31 435 50 10 2.041 5 35
31 435 50 10 5 5 35
31 435 50 10 3.333 10 40
31 435 50 10 4.082 10 40
31 435 50 10 10 10 40
31 435 150 30 0.033 0 40
31 435 150 30 0.041 0 40
31 435 150 30 0.1 0 40
31 435 150 30 1.667 5 45
31 435 150 30 2.041 5 45
31 435 150 30 5 5 45
31 435 150 30 3.333 10 55
31 435 150 30 4.082 10 55
31 435 150 30 10 10 55
32 143 50 10 0.033 0 30
32 143 50 10 0.041 0 30
32 143 50 10 0.1 0 30
32 143 50 10 1.667 5 35
32 143 50 10 2.041 5 35
32 143 50 10 5 5 35
32 143 50 10 3.333 10 40
32 143 50 10 4.082 10 40
32 143 50 10 10 10 40
32 143 150 30 0.033 0 40
32 143 150 30 0.041 0 40
32 143 150 30 0.1 0 40
32 143 150 30 1.667 5 45
32 143 150 30 2.041 5 45
32 143 150 30 5 5 45
32 143 150 30 3.333 10 55
32 143 150 30 4.082 10 55
32 143 150 30 10 10 55
33 569 50 10 0.033 0 30
33 569 50 10 0.041 0 30
33 569 50 10 0.1 0 30
33 569 50 10 1.667 5 35
33 569 50 10 2.041 5 35
33 569 50 10 5 5 35
33 569 50 10 3.333 10 40
33 569 50 10 4.082 10 40
33 569 50 10 10 10 40
33 569 150 30 0.033 0 40
33 569 150 30 0.041 0 40
33 569 150 30 0.1 0 40
33 569 150 30 1.667 5 45
33 569 150 30 2.041 5 45
33 569 150 30 5 5 45
33 569 150 30 3.333 10 55
33 569 150 30 4.082 10 55
33 569 150 30 10 10 55
34 230 50 10 0.033 0 30
34 230 50 10 0.041 0 30
34 230 50 10 0.1 0 30
34 230 50 10 1.667 5 35
34 230 50 10 2.041 5 35
34 230 50 10 5 5 35
34 230 50 10 3.333 10 40
34 230 50 10 4.082 10 40
34 230 50 10 10 10 40
34 230 150 30 0.033 0 40
34 230 150 30 0.041 0 40
34 230 150 30 0.1 0 40
34 230 150 30 1.667 5 45
34 230 150 30 2.041 5 45
34 230 150 30 5 5 45
34 230 150 30 3.333 10 55
34 230 150 30 4.082 10 55
34 230 150 30 10 10 55
35 275 50 10 0.033 0 30
35 275 50 10 0.041 0 30
35 275 50 10 0.1 0 30
35 275 50 10 1.667 5 35
35 275 50 10 2.041 5 35
35 275 50 10 5 5 35
35 275 50 10 3.333 10 40
35 275 50 10 4.082 10 40
35 275 50 10 10 10 40
35 275 150 30 0.033 0 40
35 275 150 30 0.041 0 40
35 275 150 30 0.1 0 40
35 275 150 30 1.667 5 45
35 275 150 30 2.041 5 45
35 275 150 30 5 5 45
35 275 150 30 3.333 10 55
35 275 150 30 4.082 10 55
35 275 150 30 10 10 55
36 580 50 10 0.033 0 30
36 580 50 10 0.041 0 30
36 580 50 10 0.1 0 30
36 580 50 10 1.667 5 35
36 580 50 10 2.041 5 35
36 580 50 10 5 5 35
36 580 50 10 3.333 10 40
36 580 50 10 4.082 10 40
36 580 50 10 10 10 40
36 580 150 30 0.033 0 40
36 580 150 30 0.041 0 40
36 580 150 30 0.1 0 40
36 580 150 30 1.667 5 45
36 580 150 30 2.041 5 45
36 580 150 30 5 5 45
36 580 150 30 3.333 10 55
36 580 150 30 4.082 10 55
36 580 150 30 10 10 55
37 186 50 10 0.033 0 30
37 186 50 10 0.041 0 30
37 186 50 10 0.1 0 30
37 186 50 10 1.667 5 35
37 186 50 10 2.041 5 35
37 186 50 10 5 5 35
37 186 50 10 3.333 10 40
37 186 50 10 4.082 10 40
37 186 50 10 10 10 40
37 186 150 30 0.033 0 40
37 186 150 30 0.041 0 40
37 186 150 30 0.1 0 40
37 186 150 30 1.667 5 45
37 186 150 30 2.041 5 45
37 186 150 30 5 5 45
37 186 150 30 3.333 10 55
37 186 150 30 4.082 10 55
37 186 150 30 10 10 55
38 263 50 10 0.033 0 30
38 263 50 10 0.041 0 30
38 263 50 10 0.1 0 30
38 263 50 10 1.667 5 35
38 263 50 10 2.041 5 35
38 263 50 10 5 5 35
38 263 50 10 3.333 10 40
38 263 50 10 4.082 10 40
38 263 50 10 10 10 40
38 263 150 30 0.033 0 40
38 263 150 30 0.041 0 40
38 263 150 30 0.1 0 40
38 263 150 30 1.667 5 45
38 263 150 30 2.041 5 45
38 263 150 30 5 5 45
38 263 150 30 3.333 10 55
38 263 150 30 4.082 10 55
38 263 150 30 10 10 55
39 176 50 10 0.033 0 30
39 176 50 10 0.041 0 30
39 176 50 10 0.1 0 30
39 176 50 10 1.667 5 35
39 176 50 10 2.041 5 35
39 176 50 10 5 5 35
39 176 50 10 3.333 10 40
39 176 50 10 4.082 10 40
39 176 50 10 10 10 40
39 176 150 30 0.033 0 40
39 176 150 30 0.041 0 40
39 176 150 30 0.1 0 40
39 176 150 30 1.667 5 45
39 176 150 30 2.041 5 45
39 176 150 30 5 5 45
39 176 150 30 3.333 10 55
39 176 150 30 4.082 10 55
39 176 150 30 10 10 55
40 960 50 10 0.033 0 30
40 960 50 10 0.041 0 30
40 960 50 10 0.1 0 30
40 960 50 10 1.667 5 35
40 960 50 10 2.041 5 35
40 960 50 10 5 5 35
40 960 50 10 3.333 10 40
40 960 50 10 4.082 10 40
40 960 50 10 10 10 40
40 960 150 30 0.033 0 40
40 960 150 30 0.041 0 40
40 960 150 30 0.1 0 40
40 960 150 30 1.667 5 45
40 960 150 30 2.041 5 45
40 960 150 30 5 5 45
40 960 150 30 3.333 10 55
40 960 150 30 4.082 10 55
40 960 150 30 10 10 55
41 350 50 10 0.033 0 30
41 350 50 10 0.041 0 30
41 350 50 10 0.1 0 30
41 350 50 10 1.667 5 35
41 350 50 10 2.041 5 35
41 350 50 10 5 5 35
41 350 50 10 3.333 10 40
41 350 50 10 4.082 10 40
41 350 50 10 10 10 40
41 350 150 30 0.033 0 40
41 350 150 30 0.041 0 40
41 350 150 30 0.1 0 40
41 350 150 30 1.667 5 45
41 350 150 30 2.041 5 45
41 350 150 30 5 5 45
41 350 150 30 3.333 10 55
41 350 150 30 4.082 10 55
41 350 150 30 10 10 55
42 358 50 10 0.033 0 30
42 358 50 10 0.041 0 30
42 358 50 10 0.1 0 30
42 358 50 10 1.667 5 35
42 358 50 10 2.041 5 35
42 358 50 10 5 5 35
42 358 50 10 3.333 10 40
42 358 50 10 4.082 10 40
42 358 50 10 10 10 40
42 358 150 30 0.033 0 40
42 358 150 30 0.041 0 40
42 358 150 30 0.1 0 40
42 358 150 30 1.667 5 45
42 358 150 30 2.041 5 45
42 358 150 30 5 5 45
42 358 150 30 3.333 10 55
42 358 150 30 4.082 10 55
42 358 150 30 10 10 55
43 130 50 10 0.033 0 30
43 130 50 10 0.041 0 30
43 130 50 10 0.1 0 30
43 130 50 10 1.667 5 35
43 130 50 10 2.041 5 35
43 130 50 10 5 5 35
43 130 50 10 3.333 10 40
43 130 50 10 4.082 10 40
43 130 50 10 10 10 40
43 130 150 30 0.033 0 40
43 130 150 30 0.041 0 40
43 130 150 30 0.1 0 40
43 130 150 30 1.667 5 45
43 130 150 30 2.041 5 45
43 130 150 30 5 5 45
43 130 150 30 3.333 10 55
43 130 150 30 4.082 10 55
43 130 150 30 10 10 55
44 969 50 10 0.033 0 30
44 969 50 10 0.041 0 30
44 969 50 10 0.1 0 30
44 969 50 10 1.667 5 35
44 969 50 10 2.041 5 35
44 969 50 10 5 5 35
44 969 50 10 3.333 10 40
44 969 50 10 4.082 10 40
44 969 50 10 10 10 40
44 969 150 30 0.033 0 40
44 969 150 30 0.041 0 40
44 969 150 30 0.1 0 40
44 969 150 30 1.667 5 45
44 969 150 30 2.041 5 45
44 969 150 30 5 5 45
44 969 150 30 3.333 10 55
44 969 150 30 4.082 10 55
44 969 150 30 10 10 55
45 1 50 10 0.033 0 30
45 1 50 10 0.041 0 30
45 1 50 10 0.1 0 30
45 1 50 10 1.667 5 35
45 1 50 10 2.041 5 35
45 1 50 10 5 5 35
45 1 50 10 3.333 10 40
45 1 50 10 4.082 10 40
45 1 50 10 10 10 40
45 1 150 30 0.033 0 40
45 1 150 30 0.041 0 40
45 1 150 30 0.1 0 40
45 1 150 30 1.667 5 45
45 1 150 30 2.041 5 45
45 1 150 30 5 5 45
45 1 150 30 3.333 10 55
45 1 150 30 4.082 10 55
45 1 150 30 10 10 55
46 452 50 10 0.033 0 30
46 452 50 10 0.041 0 30
46 452 50 10 0.1 0 30
46 452 50 10 1.667 5 35
46 452 50 10 2.041 5 35
46 452 50 10 5 5 35
46 452 50 10 3.333 10 40
46 452 50 10 4.082 10 40
46 452 50 10 10 10 40
46 452 150 30 0.033 0 40
46 452 150 30 0.041 0 40
46 452 150 30 0.1 0 40
46 452 150 30 1.667 5 45
46 452 150 30 2.041 5 45
46 452 150 30 5 5 45
46 452 150 30 3.333 10 55
46 452 150 30 4.082 10 55
46 452 150 30 10 10 55
47 256 50 10 0.033 0 30
47 256 50 10 0.041 0 30
47 256 50 10 0.1 0 30
47 256 50 10 1.667 5 35
47 256 50 10 2.041 5 35
47 256 50 10 5 5 35
47 256 50 10 3.333 10 40
47 256 50 10 4.082 10 40
47 256 50 10 10 10 40
47 256 150 30 0.033 0 40
47 256 150 30 0.041 0 40
47 256 150 30 0.1 0 40
47 256 150 30 1.667 5 45
47 256 150 30 2.041 5 45
47 256 150 30 5 5 45
47 256 150 30 3.333 10 55
47 256 150 30 4.082 10 55
47 256 150 30 10 10 55
48 997 50 10 0.033 0 30
48 997 50 10 0.041 0 30
48 997 50 10 0.1 0 30
48 997 50 10 1.667 5 35
48 997 50 10 2.041 5 35
48 997 50 10 5 5 35
48 997 50 10 3.333 10 40
48 997 50 10 4.082 10 40
48 997 50 10 10 10 40
48 997 150 30 0.033 0 40
48 997 150 30 0.041 0 40
48 997 150 30 0.1 0 40
48 997 150 30 1.667 5 45
48 997 150 30 2.041 5 45
48 997 150 30 5 5 45
48 997 150 30 3.333 10 55
48 997 150 30 4.082 10 55
48 997 150 30 10 10 55
49 323 50 10 0.033 0 30
49 323 50 10 0.041 0 30
49 323 50 10 0.1 0 30
49 323 50 10 1.667 5 35
49 323 50 10 2.041 5 35
49 323 50 10 5 5 35
49 323 50 10 3.333 10 40
49 323 50 10 4.082 10 40
49 323 50 10 10 10 40
49 323 150 30 0.033 0 40
49 323 150 30 0.041 0 40
49 323 150 30 0.1 0 40
49 323 150 30 1.667 5 45
49 323 150 30 2.041 5 45
49 323 150 30 5 5 45
49 323 150 30 3.333 10 55
49 323 150 30 4.082 10 55
49 323 150 30 10 10 55
50 799 50 10 0.033 0 30
50 799 50 10 0.041 0 30
50 799 50 10 0.1 0 30
50 799 50 10 1.667 5 35
50 799 50 10 2.041 5 35
50 799 50 10 5 5 35
50 799 50 10 3.333 10 40
50 799 50 10 4.082 10 40
50 799 50 10 10 10 40
50 799 150 30 0.033 0 40
50 799 150 30 0.041 0 40
50 799 150 30 0.1 0 40
50 799 150 30 1.667 5 45
50 799 150 30 2.041 5 45
50 799 150 30 5 5 45
50 799 150 30 3.333 10 55
50 799 150 30 4.082 10 55
50 799 150 30 10 10 55
51 218 50 10 0.033 0 30
51 218 50 10 0.041 0 30
51 218 50 10 0.1 0 30
51 218 50 10 1.667 5 35
51 218 50 10 2.041 5 35
51 218 50 10 5 5 35
51 218 50 10 3.333 10 40
51 218 50 10 4.082 10 40
51 218 50 10 10 10 40
51 218 150 30 0.033 0 40
51 218 150 30 0.041 0 40
51 218 150 30 0.1 0 40
51 218 150 30 1.667 5 45
51 218 150 30 2.041 5 45
51 218 150 30 5 5 45
51 218 150 30 3.333 10 55
51 218 150 30 4.082 10 55
51 218 150 30 10 10 55
52 560 50 10 0.033 0 30
52 560 50 10 0.041 0 30
52 560 50 10 0.1 0 30
52 560 50 10 1.667 5 35
52 560 50 10 2.041 5 35
52 560 50 10 5 5 35
52 560 50 10 3.333 10 40
52 560 50 10 4.082 10 40
52 560 50 10 10 10 40
52 560 150 30 0.033 0 40
52 560 150 30 0.041 0 40
52 560 150 30 0.1 0 40
52 560 150 30 1.667 5 45
52 560 150 30 2.041 5 45
52 560 150 30 5 5 45
52 560 150 30 3.333 10 55
52 560 150 30 4.082 10 55
52 560 150 30 10 10 55
53 954 50 10 0.033 0 30
53 954 50 10 0.041 0 30
53 954 50 10 0.1 0 30
53 954 50 10 1.667 5 35
53 954 50 10 2.041 5 35
53 954 50 10 5 5 35
53 954 50 10 3.333 10 40
53 954 50 10 4.082 10 40
53 954 50 10 10 10 40
53 954 150 30 0.033 0 40
53 954 150 30 0.041 0 40
53 954 150 30 0.1 0 40
53 954 150 30 1.667 5 45
53 954 150 30 2.041 5 45
53 954 150 30 5 5 45
53 954 150 30 3.333 10 55
53 954 150 30 4.082 10 55
53 954 150 30 10 10 55
54 753 50 10 0.033 0 30
54 753 50 10 0.041 0 30
54 753 50 10 0.1 0 30
54 753 50 10 1.667 5 35
54 753 50 10 2.041 5 35
54 753 50 10 5 5 35
54 753 50 10 3.333 10 40
54 753 50 10 4.082 10 40
54 753 50 10 10 10 40
54 753 150 30 0.033 0 40
54 753 150 30 0.041 0 40
54 753 150 30 0.1 0 40
54 753 150 30 1.667 5 45
54 753 150 30 2.041 5 45
54 753 150 30 5 5 45
54 753 150 30 3.333 10 55
54 753 150 30 4.082 10 55
54 753 150 30 10 10 55
55 876 50 10 0.033 0 30
55 876 50 10 0.041 0 30
55 876 50 10 0.1 0 30
55 876 50 10 1.667 5 35
55 876 50 10 2.041 5 35
55 876 50 10 5 5 35
55 876 50 10 3.333 10 40
55 876 50 10 4.082 10 40
55 876 50 10 10 10 40
55 876 150 30 0.033 0 40
55 876 150 30 0.041 0 40
55 876 150 30 0.1 0 40
55 876 150 30 1.667 5 45
55 876 150 30 2.041 5 45
55 876 150 30 5 5 45
55 876 150 30 3.333 10 55
55 876 150 30 4.082 10 55
55 876 150 30 10 10 55
56 731 50 10 0.033 0 30
56 731 50 10 0.041 0 30
56 731 50 10 0.1 0 30
56 731 50 10 1.667 5 35
56 731 50 10 2.041 5 35
56 731 50 10 5 5 35
56 731 50 10 3.333 10 40
56 731 50 10 4.082 10 40
56 731 50 10 10 10 40
56 731 150 30 0.033 0 40
56 731 150 30 0.041 0 40
56 731 150 30 0.1 0 40
56 731 150 30 1.667 5 45
56 731 150 30 2.041 5 45
56 731 150 30 5 5 45
56 731 150 30 3.333 10 55
56 731 150 30 4.082 10 55
56 731 150 30 10 10 55
57 219 50 10 0.033 0 30
57 219 50 10 0.041 0 30
57 219 50 10 0.1 0 30
57 219 50 10 1.667 5 35
57 219 50 10 2.041 5 35
57 219 50 10 5 5 35
57 219 50 10 3.333 10 40
57 219 50 10 4.082 10 40
57 219 50 10 10 10 40
57 219 150 30 0.033 0 40
57 219 150 30 0.041 0 40
57 219 150 30 0.1 0 40
57 219 150 30 1.667 5 45
57 219 150 30 2.041 5 45
57 219 150 30 5 5 45
57 219 150 30 3.333 10 55
57 219 150 30 4.082 10 55
57 219 150 30 10 10 55
58 209 50 10 0.033 0 30
58 209 50 10 0.041 0 30
58 209 50 10 0.1 0 30
58 209 50 10 1.667 5 35
58 209 50 10 2.041 5 35
58 209 50 10 5 5 35
58 209 50 10 3.333 10 40
58 209 50 10 4.082 10 40
58 209 50 10 10 10 40
58 209 150 30 0.033 0 40
58 209 150 30 0.041 0 40
58 209 150 30 0.1 0 40
58 209 150 30 1.667 5 45
58 209 150 30 2.041 5 45
58 209 150 30 5 5 45
58 209 150 30 3.333 10 55
58 209 150 30 4.082 10 55
58 209 150 30 10 10 55
59 439 50 10 0.033 0 30
59 439 50 10 0.041 0 30
59 439 50 10 0.1 0 30
59 439 50 10 1.667 5 35
59 439 50 10 2.041 5 35
59 439 50 10 5 5 35
59 439 50 10 3.333 10 40
59 439 50 10 4.082 10 40
59 439 50 10 10 10 40
59 439 150 30 0.033 0 40
59 439 150 30 0.041 0 40
59 439 150 30 0.1 0 40
59 439 150 30 1.667 5 45
59 439 150 30 2.041 5 45
59 439 150 30 5 5 45
59 439 150 30 3.333 10 55
59 439 150 30 4.082 10 55
59 439 150 30 10 10 55
60 518 50 10 0.033 0 30
60 518 50 10 0.041 0 30
60 518 50 10 0.1 0 30
60 518 50 10 1.667 5 35
60 518 50 10 2.041 5 35
60 518 50 10 5 5 35
60 518 50 10 3.333 10 40
60 518 50 10 4.082 10 40
60 518 50 10 10 10 40
60 518 150 30 0.033 0 40
60 518 150 30 0.041 0 40
60 518 150 30 0.1 0 40
60 518 150 30 1.667 5 45
60 518 150 30 2.041 5 45
60 518 150 30 5 5 45
60 518 150 30 3.333 10 55
60 518 150 30 4.082 10 55
60 518 150 30 10 10 55
61 234 50 10 0.033 0 30
61 234 50 10 0.041 0 30
61 234 50 10 0.1 0 30
61 234 50 10 1.667 5 35
61 234 50 10 2.041 5 35
61 234 50 10 5 5 35
61 234 50 10 3.333 10 40
61 234 50 10 4.082 10 40
61 234 50 10 10 10 40
61 234 150 30 0.033 0 40
61 234 150 30 0.041 0 40
61 234 150 30 0.1 0 40
61 234 150 30 1.667 5 45
61 234 150 30 2.041 5 45
61 234 150 30 5 5 45
61 234 150 30 3.333 10 55
61 234 150 30 4.082 10 55
61 234 150 30 10 10 55
62 33 50 10 0.033 0 30
62 33 50 10 0.041 0 30
62 33 50 10 0.1 0 30
62 33 50 10 1.667 5 35
62 33 50 10 2.041 5 35
62 33 50 10 5 5 35
62 33 50 10 3.333 10 40
62 33 50 10 4.082 10 40
62 33 50 10 10 10 40
62 33 150 30 0.033 0 40
62 33 150 30 0.041 0 40
62 33 150 30 0.1 0 40
62 33 150 30 1.667 5 45
62 33 150 30 2.041 5 45
62 33 150 30 5 5 45
62 33 150 30 3.333 10 55
62 33 150 30 4.082 10 55
62 33 150 30 10 10 55
63 802 50 10 0.033 0 30
63 802 50 10 0.041 0 30
63 802 50 10 0.1 0 30
63 802 50 10 1.667 5 35
63 802 50 10 2.041 5 35
63 802 50 10 5 5 35
63 802 50 10 3.333 10 40
63 802 50 10 4.082 10 40
63 802 50 10 10 10 40
63 802 150 30 0.033 0 40
63 802 150 30 0.041 0 40
63 802 150 30 0.1 0 40
63 802 150 30 1.667 5 45
63 802 150 30 2.041 5 45
63 802 150 30 5 5 45
63 802 150 30 3.333 10 55
63 802 150 30 4.082 10 55
63 802 150 30 10 10 55
64 575 50 10 0.033 0 30
64 575 50 10 0.041 0 30
64 575 50 10 0.1 0 30
64 575 50 10 1.667 5 35
64 575 50 10 2.041 5 35
64 575 50 10 5 5 35
64 575 50 10 3.333 10 40
64 575 50 10 4.082 10 40
64 575 50 10 10 10 40
64 575 150 30 0.033 0 40
64 575 150 30 0.041 0 40
64 575 150 30 0.1 0 40
64 575 150 30 1.667 5 45
64 575 150 30 2.041 5 45
64 575 150 30 5 5 45
64 575 150 30 3.333 10 55
64 575 150 30 4.082 10 55
64 575 150 30 10 10 55
65 529 50 10 0.033 0 30
65 529 50 10 0.041 0 30
65 529 50 10 0.1 0 30
65 529 50 10 1.667 5 35
65 529 50 10 2.041 5 35
65 529 50 10 5 5 35
65 529 50 10 3.333 10 40
65 529 50 10 4.082 10 40
65 529 50 10 10 10 40
65 529 150 30 0.033 0 40
65 529 150 30 0.041 0 40
65 529 150 30 0.1 0 40
65 529 150 30 1.667 5 45
65 529 150 30 2.041 5 45
65 529 150 30 5 5 45
65 529 150 30 3.333 10 55
65 529 150 30 4.082 10 55
65 529 150 30 10 10 55
66 710 50 10 0.033 0 30
66 710 50 10 0.041 0 30
66 710 50 10 0.1 0 30
66 710 50 10 1.667 5 35
66 710 50 10 2.041 5 35
66 710 50 10 5 5 35
66 710 50 10 3.333 10 40
66 710 50 10 4.082 10 40
66 710 50 10 10 10 40
66 710 150 30 0.033 0 40
66 710 150 30 0.041 0 40
66 710 150 30 0.1 0 40
66 710 150 30 1.667 5 45
66 710 150 30 2.041 5 45
66 710 150 30 5 5 45
66 710 150 30 3.333 10 55
66 710 150 30 4.082 10 55
66 710 150 30 10 10 55
67 280 50 10 0.033 0 30
67 280 50 10 0.041 0 30
67 280 50 10 0.1 0 30
67 280 50 10 1.667 5 35
67 280 50 10 2.041 5 35
67 280 50 10 5 5 35
67 280 50 10 3.333 10 40
67 280 50 10 4.082 10 40
67 280 50 10 10 10 40
67 280 150 30 0.033 0 40
67 280 150 30 0.041 0 40
67 280 150 30 0.1 0 40
67 280 150 30 1.667 5 45
67 280 150 30 2.041 5 45
67 280 150 30 5 5 45
67 280 150 30 3.333 10 55
67 280 150 30 4.082 10 55
67 280 150 30 10 10 55
68 526 50 10 0.033 0 30
68 526 50 10 0.041 0 30
68 526 50 10 0.1 0 30
68 526 50 10 1.667 5 35
68 526 50 10 2.041 5 35
68 526 50 10 5 5 35
68 526 50 10 3.333 10 40
68 526 50 10 4.082 10 40
68 526 50 10 10 10 40
68 526 150 30 0.033 0 40
68 526 150 30 0.041 0 40
68 526 150 30 0.1 0 40
68 526 150 30 1.667 5 45
68 526 150 30 2.041 5 45
68 526 150 30 5 5 45
68 526 150 30 3.333 10 55
68 526 150 30 4.082 10 55
68 526 150 30 10 10 55
69 90 50 10 0.033 0 30
69 90 50 10 0.041 0 30
69 90 50 10 0.1 0 30
69 90 50 10 1.667 5 35
69 90 50 10 2.041 5 35
69 90 50 10 5 5 35
69 90 50 10 3.333 10 40
69 90 50 10 4.082 10 40
69 90 50 10 10 10 40
69 90 150 30 0.033 0 40
69 90 150 30 0.041 0 40
69 90 150 30 0.1 0 40
69 90 150 30 1.667 5 45
69 90 150 30 2.041 5 45
69 90 150 30 5 5 45
69 90 150 30 3.333 10 55
69 90 150 30 4.082 10 55
69 90 150 30 10 10 55
70 320 50 10 0.033 0 30
70 320 50 10 0.041 0 30
70 320 50 10 0.1 0 30
70 320 50 10 1.667 5 35
70 320 50 10 2.041 5 35
70 320 50 10 5 5 35
70 320 50 10 3.333 10 40
70 320 50 10 4.082 10 40
70 320 50 10 10 10 40
70 320 150 30 0.033 0 40
70 320 150 30 0.041 0 40
70 320 150 30 0.1 0 40
70 320 150 30 1.667 5 45
70 320 150 30 2.041 5 45
70 320 150 30 5 5 45
70 320 150 30 3.333 10 55
70 320 150 30 4.082 10 55
70 320 150 30 10 10 55
71 601 50 10 0.033 0 30
71 601 50 10 0.041 0 30
71 601 50 10 0.1 0 30
71 601 50 10 1.667 5 35
71 601 50 10 2.041 5 35
71 601 50 10 5 5 35
71 601 50 10 3.333 10 40
71 601 50 10 4.082 10 40
71 601 50 10 10 10 40
71 601 150 30 0.033 0 40
71 601 150 30 0.041 0 40
71 601 150 30 0.1 0 40
71 601 150 30 1.667 5 45
71 601 150 30 2.041 5 45
71 601 150 30 5 5 45
71 601 150 30 3.333 10 55
71 601 150 30 4.082 10 55
71 601 150 30 10 10 55
72 646 50 10 0.033 0 30
72 646 50 10 0.041 0 30
72 646 50 10 0.1 0 30
72 646 50 10 1.667 5 35
72 646 50 10 2.041 5 35
72 646 50 10 5 5 35
72 646 50 10 3.333 10 40
72 646 50 10 4.082 10 40
72 646 50 10 10 10 40
72 646 150 30 0.033 0 40
72 646 150 30 0.041 0 40
72 646 150 30 0.1 0 40
72 646 150 30 1.667 5 45
72 646 150 30 2.041 5 45
72 646 150 30 5 5 45
72 646 150 30 3.333 10 55
72 646 150 30 4.082 10 55
72 646 150 30 10 10 55
73 326 50 10 0.033 0 30
73 326 50 10 0.041 0 30
73 326 50 10 0.1 0 30
73 326 50 10 1.667 5 35
73 326 50 10 2.041 5 35
73 326 50 10 5 5 35
73 326 50 10 3.333 10 40
73 326 50 10 4.082 10 40
73 326 50 10 10 10 40
73 326 150 30 0.033 0 40
73 326 150 30 0.041 0 40
73 326 150 30 0.1 0 40
73 326 150 30 1.667 5 45
73 326 150 30 2.041 5 45
73 326 150 30 5 5 45
73 326 150 30 3.333 10 55
73 326 150 30 4.082 10 55
73 326 150 30 10 10 55
74 797 50 10 0.033 0 30
74 797 50 10 0.041 0 30
74 797 50 10 0.1 0 30
74 797 50 10 1.667 5 35
74 797 50 10 2.041 5 35
74 797 50 10 5 5 35
74 797 50 10 3.333 10 40
74 797 50 10 4.082 10 40
74 797 50 10 10 10 40
74 797 150 30 0.033 0 40
74 797 150 30 0.041 0 40
74 797 150 30 0.1 0 40
74 797 150 30 1.667 5 45
74 797 150 30 2.041 5 45
74 797 150 30 5 5 45
74 797 150 30 3.333 10 55
74 797 150 30 4.082 10 55
74 797 150 30 10 10 55
75 195 50 10 0.033 0 30
75 195 50 10 0.041 0 30
75 195 50 10 0.1 0 30
75 195 50 10 1.667 5 35
75 195 50 10 2.041 5 35
75 195 50 10 5 5 35
75 195 50 10 3.333 10 40
75 195 50 10 4.082 10 40
75 195 50 10 10 10 40
75 195 150 30 0.033 0 40
75 195 150 30 0.041 0 40
75 195 150 30 0.1 0 40
75 195 150 30 1.667 5 45
75 195 150 30 2.041 5 45
75 195 150 30 5 5 45
75 195 150 30 3.333 10 55
75 195 150 30 4.082 10 55
75 195 150 30 10 10 55
76 618 50 10 0.033 0 30
76 618 50 10 0.041 0 30
76 618 50 10 0.1 0 30
76 618 50 10 1.667 5 35
76 618 50 10 2.041 5 35
76 618 50 10 5 5 35
76 618 50 10 3.333 10 40
76 618 50 10 4.082 10 40
76 618 50 10 10 10 40
76 618 150 30 0.033 0 40
76 618 150 30 0.041 0 40
76 618 150 30 0.1 0 40
76 618 150 30 1.667 5 45
76 618 150 30 2.041 5 45
76 618 150 30 5 5 45
76 618 150 30 3.333 10 55
76 618 150 30 4.082 10 55
76 618 150 30 10 10 55
77 193 50 10 0.033 0 30
77 193 50 10 0.041 0 30
77 193 50 10 0.1 0 30
77 193 50 10 1.667 5 35
77 193 50 10 2.041 5 35
77 193 50 10 5 5 35
77 193 50 10 3.333 10 40
77 193 50 10 4.082 10 40
77 193 50 10 10 10 40
77 193 150 30 0.033 0 40
77 193 150 30 0.041 0 40
77 193 150 30 0.1 0 40
77 193 150 30 1.667 5 45
77 193 150 30 2.041 5 45
77 193 150 30 5 5 45
77 193 150 30 3.333 10 55
77 193 150 30 4.082 10 55
77 193 150 30 10 10 55
78 963 50 10 0.033 0 30
78 963 50 10 0.041 0 30
78 963 50 10 0.1 0 30
78 963 50 10 1.667 5 35
78 963 50 10 2.041 5 35
78 963 50 10 5 5 35
78 963 50 10 3.333 10 40
78 963 50 10 4.082 10 40
78 963 50 10 10 10 40
78 963 150 30 0.033 0 40
78 963 150 30 0.041 0 40
78 963 150 30 0.1 0 40
78 963 150 30 1.667 5 45
78 963 150 30 2.041 5 45
78 963 150 30 5 5 45
78 963 150 30 3.333 10 55
78 963 150 30 4.082 10 55
78 963 150 30 10 10 55
79 276 50 10 0.033 0 30
79 276 50 10 0.041 0 30
79 276 50 10 0.1 0 30
79 276 50 10 1.667 5 35
79 276 50 10 2.041 5 35
79 276 50 10 5 5 35
79 276 50 10 3.333 10 40
79 276 50 10 4.082 10 40
79 276 50 10 10 10 40
79 276 150 30 0.033 0 40
79 276 150 30 0.041 0 40
79 276 150 30 0.1 0 40
79 276 150 30 1.667 5 45
79 276 150 30 2.041 5 45
79 276 150 30 5 5 45
79 276 150 30 3.333 10 55
79 276 150 30 4.082 10 55
79 276 150 30 10 10 55
80 491 50 10 0.033 0 30
80 491 50 10 0.041 0 30
80 491 50 10 0.1 0 30
80 491 50 10 1.667 5 35
80 491 50 10 2.041 5 35
80 491 50 10 5 5 35
80 491 50 10 3.333 10 40
80 491 50 10 4.082 10 40
80 491 50 10 10 10 40
80 491 150 30 0.033 0 40
80 491 150 30 0.041 0 40
80 491 150 30 0.1 0 40
80 491 150 30 1.667 5 45
80 491 150 30 2.041 5 45
80 491 150 30 5 5 45
80 491 150 30 3.333 10 55
80 491 150 30 4.082 10 55
80 491 150 30 10 10 55
81 776 50 10 0.033 0 30
81 776 50 10 0.041 0 30
81 776 50 10 0.1 0 30
81 776 50 10 1.667 5 35
81 776 50 10 2.041 5 35
81 776 50 10 5 5 35
81 776 50 10 3.333 10 40
81 776 50 10 4.082 10 40
81 776 50 10 10 10 40
81 776 150 30 0.033 0 40
81 776 150 30 0.041 0 40
81 776 150 30 0.1 0 40
81 776 150 30 1.667 5 45
81 776 150 30 2.041 5 45
81 776 150 30 5 5 45
81 776 150 30 3.333 10 55
81 776 150 30 4.082 10 55
81 776 150 30 10 10 55
82 268 50 10 0.033 0 30
82 268 50 10 0.041 0 30
82 268 50 10 0.1 0 30
82 268 50 10 1.667 5 35
82 268 50 10 2.041 5 35
82 268 50 10 5 5 35
82 268 50 10 3.333 10 40
82 268 50 10 4.082 10 40
82 268 50 10 10 10 40
82 268 150 30 0.033 0 40
82 268 150 30 0.041 0 40
82 268 150 30 0.1 0 40
82 268 150 30 1.667 5 45
82 268 150 30 2.041 5 45
82 268 150 30 5 5 45
82 268 150 30 3.333 10 55
82 268 150 30 4.082 10 55
82 268 150 30 10 10 55
83 337 50 10 0.033 0 30
83 337 50 10 0.041 0 30
83 337 50 10 0.1 0 30
83 337 50 10 1.667 5 35
83 337 50 10 2.041 5 35
83 337 50 10 5 5 35
83 337 50 10 3.333 10 40
83 337 50 10 4.082 10 40
83 337 50 10 10 10 40
83 337 150 30 0.033 0 40
83 337 150 30 0.041 0 40
83 337 150 30 0.1 0 40
83 337 150 30 1.667 5 45
83 337 150 30 2.041 5 45
83 337 150 30 5 5 45
83 337 150 30 3.333 10 55
83 337 150 30 4.082 10 55
83 337 150 30 10 10 55
84 837 50 10 0.033 0 30
84 837 50 10 0.041 0 30
84 837 50 10 0.1 0 30
84 837 50 10 1.667 5 35
84 837 50 10 2.041 5 35
84 837 50 10 5 5 35
84 837 50 10 3.333 10 40
84 837 50 10 4.082 10 40
84 837 50 10 10 10 40
84 837 150 30 0.033 0 40
84 837 150 30 0.041 0 40
84 837 150 30 0.1 0 40
84 837 150 30 1.667 5 45
84 837 150 30 2.041 5 45
84 837 150 30 5 5 45
84 837 150 30 3.333 10 55
84 837 150 30 4.082 10 55
84 837 150 30 10 10 55
85 166 50 10 0.033 0 30
85 166 50 10 0.041 0 30
85 166 50 10 0.1 0 30
85 166 50 10 1.667 5 35
85 166 50 10 2.041 5 35
85 166 50 10 5 5 35
85 166 50 10 3.333 10 40
85 166 50 10 4.082 10 40
85 166 50 10 10 10 40
85 166 150 30 0.033 0 40
85 166 150 30 0.041 0 40
85 166 150 30 0.1 0 40
85 166 150 30 1.667 5 45
85 166 150 30 2.041 5 45
85 166 150 30 5 5 45
85 166 150 30 3.333 10 55
85 166 150 30 4.082 10 55
85 166 150 30 10 10 55
86 5 50 10 0.033 0 30
86 5 50 10 0.041 0 30
86 5 50 10 0.1 0 30
86 5 50 10 1.667 5 35
86 5 50 10 2.041 5 35
86 5 50 10 5 5 35
86 5 50 10 3.333 10 40
86 5 50 10 4.082 10 40
86 5 50 10 10 10 40
86 5 150 30 0.033 0 40
86 5 150 30 0.041 0 40
86 5 150 30 0.1 0 40
86 5 150 30 1.667 5 45
86 5 150 30 2.041 5 45
86 5 150 30 5 5 45
86 5 150 30 3.333 10 55
86 5 150 30 4.082 10 55
86 5 150 30 10 10 55
87 73 50 10 0.033 0 30
87 73 50 10 0.041 0 30
87 73 50 10 0.1 0 30
87 73 50 10 1.667 5 35
87 73 50 10 2.041 5 35
87 73 50 10 5 5 35
87 73 50 10 3.333 10 40
87 73 50 10 4.082 10 40
87 73 50 10 10 10 40
87 73 150 30 0.033 0 40
87 73 150 30 0.041 0 40
87 73 150 30 0.1 0 40
87 73 150 30 1.667 5 45
87 73 150 30 2.041 5 45
87 73 150 30 5 5 45
87 73 150 30 3.333 10 55
87 73 150 30 4.082 10 55
87 73 150 30 10 10 55
88 609 50 10 0.033 0 30
88 609 50 10 0.041 0 30
88 609 50 10 0.1 0 30
88 609 50 10 1.667 5 35
88 609 50 10 2.041 5 35
88 609 50 10 5 5 35
88 609 50 10 3.333 10 40
88 609 50 10 4.082 10 40
88 609 50 10 10 10 40
88 609 150 30 0.033 0 40
88 609 150 30 0.041 0 40
88 609 150 30 0.1 0 40
88 609 150 30 1.667 5 45
88 609 150 30 2.041 5 45
88 609 150 30 5 5 45
88 609 150 30 3.333 10 55
88 609 150 30 4.082 10 55
88 609 150 30 10 10 55
89 908 50 10 0.033 0 30
89 908 50 10 0.041 0 30
89 908 50 10 0.1 0 30
89 908 50 10 1.667 5 35
89 908 50 10 2.041 5 35
89 908 50 10 5 5 35
89 908 50 10 3.333 10 40
89 908 50 10 4.082 10 40
89 908 50 10 10 10 40
89 908 150 30 0.033 0 40
89 908 150 30 0.041 0 40
89 908 150 30 0.1 0 40
89 908 150 30 1.667 5 45
89 908 150 30 2.041 5 45
89 908 150 30 5 5 45
89 908 150 30 3.333 10 55
89 908 150 30 4.082 10 55
89 908 150 30 10 10 55
90 290 50 10 0.033 0 30
90 290 50 10 0.041 0 30
90 290 50 10 0.1 0 30
90 290 50 10 1.667 5 35
90 290 50 10 2.041 5 35
90 290 50 10 5 5 35
90 290 50 10 3.333 10 40
90 290 50 10 4.082 10 40
90 290 50 10 10 10 40
90 290 150 30 0.033 0 40
90 290 150 30 0.041 0 40
90 290 150 30 0.1 0 40
90 290 150 30 1.667 5 45
90 290 150 30 2.041 5 45
90 290 150 30 5 5 45
90 290 150 30 3.333 10 55
90 290 150 30 4.082 10 55
90 290 150 30 10 10 55
91 514 50 10 0.033 0 30
91 514 50 10 0.041 0 30
91 514 50 10 0.1 0 30
91 514 50 10 1.667 5 35
91 514 50 10 2.041 5 35
91 514 50 10 5 5 35
91 514 50 10 3.333 10 40
91 514 50 10 4.082 10 40
91 514 50 10 10 10 40
91 514 150 30 0.033 0 40
91 514 150 30 0.041 0 40
91 514 150 30 0.1 0 40
91 514 150 30 1.667 5 45
91 514 150 30 2.041 5 45
91 514 150 30 5 5 45
91 514 150 30 3.333 10 55
91 514 150 30 4.082 10 55
91 514 150 30 10 10 55
92 840 50 10 0.033 0 30
92 840 50 10 0.041 0 30
92 840 50 10 0.1 0 30
92 840 50 10 1.667 5 35
92 840 50 10 2.041 5 35
92 840 50 10 5 5 35
92 840 50 10 3.333 10 40
92 840 50 10 4.082 10 40
92 840 50 10 10 10 40
92 840 150 30 0.033 0 40
92 840 150 30 0.041 0 40
92 840 150 30 0.1 0 40
92 840 150 30 1.667 5 45
92 840 150 30 2.041 5 45
92 840 150 30 5 5 45
92 840 150 30 3.333 10 55
92 840 150 30 4.082 10 55
92 840 150 30 10 10 55
93 719 50 10 0.033 0 30
93 719 50 10 0.041 0 30
93 719 50 10 0.1 0 30
93 719 50 10 1.667 5 35
93 719 50 10 2.041 5 35
93 719 50 10 5 5 35
93 719 50 10 3.333 10 40
93 719 50 10 4.082 10 40
93 719 50 10 10 10 40
93 719 150 30 0.033 0 40
93 719 150 30 0.041 0 40
93 719 150 30 0.1 0 40
93 719 150 30 1.667 5 45
93 719 150 30 2.041 5 45
93 719 150 30 5 5 45
93 719 150 30 3.333 10 55
93 719 150 30 4.082 10 55
93 719 150 30 10 10 55
94 426 50 10 0.033 0 30
94 426 50 10 0.041 0 30
94 426 50 10 0.1 0 30
94 426 50 10 1.667 5 35
94 426 50 10 2.041 5 35
94 426 50 10 5 5 35
94 426 50 10 3.333 10 40
94 426 50 10 4.082 10 40
94 426 50 10 10 10 40
94 426 150 30 0.033 0 40
94 426 150 30 0.041 0 40
94 426 150 30 0.1 0 40
94 426 150 30 1.667 5 45
94 426 150 30 2.041 5 45
94 426 150 30 5 5 45
94 426 150 30 3.333 10 55
94 426 150 30 4.082 10 55
94 426 150 30 10 10 55
95 78 50 10 0.033 0 30
95 78 50 10 0.041 0 30
95 78 50 10 0.1 0 30
95 78 50 10 1.667 5 35
95 78 50 10 2.041 5 35
95 78 50 10 5 5 35
95 78 50 10 3.333 10 40
95 78 50 10 4.082 10 40
95 78 50 10 10 10 40
95 78 150 30 0.033 0 40
95 78 150 30 0.041 0 40
95 78 150 30 0.1 0 40
95 78 150 30 1.667 5 45
95 78 150 30 2.041 5 45
95 78 150 30 5 5 45
95 78 150 30 3.333 10 55
95 78 150 30 4.082 10 55
95 78 150 30 10 10 55
96 15 50 10 0.033 0 30
96 15 50 10 0.041 0 30
96 15 50 10 0.1 0 30
96 15 50 10 1.667 5 35
96 15 50 10 2.041 5 35
96 15 50 10 5 5 35
96 15 50 10 3.333 10 40
96 15 50 10 4.082 10 40
96 15 50 10 10 10 40
96 15 150 30 0.033 0 40
96 15 150 30 0.041 0 40
96 15 150 30 0.1 0 40
96 15 150 30 1.667 5 45
96 15 150 30 2.041 5 45
96 15 150 30 5 5 45
96 15 150 30 3.333 10 55
96 15 150 30 4.082 10 55
96 15 150 30 10 10 55
97 708 50 10 0.033 0 30
97 708 50 10 0.041 0 30
97 708 50 10 0.1 0 30
97 708 50 10 1.667 5 35
97 708 50 10 2.041 5 35
97 708 50 10 5 5 35
97 708 50 10 3.333 10 40
97 708 50 10 4.082 10 40
97 708 50 10 10 10 40
97 708 150 30 0.033 0 40
97 708 150 30 0.041 0 40
97 708 150 30 0.1 0 40
97 708 150 30 1.667 5 45
97 708 150 30 2.041 5 45
97 708 150 30 5 5 45
97 708 150 30 3.333 10 55
97 708 150 30 4.082 10 55
97 708 150 30 10 10 55
98 106 50 10 0.033 0 30
98 106 50 10 0.041 0 30
98 106 50 10 0.1 0 30
98 106 50 10 1.667 5 35
98 106 50 10 2.041 5 35
98 106 50 10 5 5 35
98 106 50 10 3.333 10 40
98 106 50 10 4.082 10 40
98 106 50 10 10 10 40
98 106 150 30 0.033 0 40
98 106 150 30 0.041 0 40
98 106 150 30 0.1 0 40
98 106 150 30 1.667 5 45
98 106 150 30 2.041 5 45
98 106 150 30 5 5 45
98 106 150 30 3.333 10 55
98 106 150 30 4.082 10 55
98 106 150 30 10 10 55
99 487 50 10 0.033 0 30
99 487 50 10 0.041 0 30
99 487 50 10 0.1 0 30
99 487 50 10 1.667 5 35
99 487 50 10 2.041 5 35
99 487 50 10 5 5 35
99 487 50 10 3.333 10 40
99 487 50 10 4.082 10 40
99 487 50 10 10 10 40
99 487 150 30 0.033 0 40
99 487 150 30 0.041 0 40
99 487 150 30 0.1 0 40
99 487 150 30 1.667 5 45
99 487 150 30 2.041 5 45
99 487 150 30 5 5 45
99 487 150 30 3.333 10 55
99 487 150 30 4.082 10 55
99 487 150 30 10 10 55
100 937 50 10 0.033 0 30
100 937 50 10 0.041 0 30
100 937 50 10 0.1 0 30
100 937 50 10 1.667 5 35
100 937 50 10 2.041 5 35
100 937 50 10 5 5 35
100 937 50 10 3.333 10 40
100 937 50 10 4.082 10 40
100 937 50 10 10 10 40
100 937 150 30 0.033 0 40
100 937 150 30 0.041 0 40
100 937 150 30 0.1 0 40
100 937 150 30 1.667 5 45
100 937 150 30 2.041 5 45
100 937 150 30 5 5 45
100 937 150 30 3.333 10 55
100 937 150 30 4.082 10 55
100 937 150 30 10 10 55
