1 972 50 10 1.667 0 35
1 972 50 10 2.041 0 35
1 972 50 10 5 0 35
1 972 50 10 1.667 5 35
1 972 50 10 2.041 5 35
1 972 50 10 5 5 35
1 972 150 30 1.667 0 45
1 972 150 30 2.041 0 45
1 972 150 30 5 0 45
1 972 150 30 1.667 5 45
1 972 150 30 2.041 5 45
1 972 150 30 5 5 45
2 496 50 10 1.667 0 35
2 496 50 10 2.041 0 35
2 496 50 10 5 0 35
2 496 50 10 1.667 5 35
2 496 50 10 2.041 5 35
2 496 50 10 5 5 35
2 496 150 30 1.667 0 45
2 496 150 30 2.041 0 45
2 496 150 30 5 0 45
2 496 150 30 1.667 5 45
2 496 150 30 2.041 5 45
2 496 150 30 5 5 45
3 116 50 10 1.667 0 35
3 116 50 10 2.041 0 35
3 116 50 10 5 0 35
3 116 50 10 1.667 5 35
3 116 50 10 2.041 5 35
3 116 50 10 5 5 35
3 116 150 30 1.667 0 45
3 116 150 30 2.041 0 45
3 116 150 30 5 0 45
3 116 150 30 1.667 5 45
3 116 150 30 2.041 5 45
3 116 150 30 5 5 45
4 566 50 10 1.667 0 35
4 566 50 10 2.041 0 35
4 566 50 10 5 0 35
4 566 50 10 1.667 5 35
4 566 50 10 2.041 5 35
4 566 50 10 5 5 35
4 566 150 30 1.667 0 45
4 566 150 30 2.041 0 45
4 566 150 30 5 0 45
4 566 150 30 1.667 5 45
4 566 150 30 2.041 5 45
4 566 150 30 5 5 45
5 326 50 10 1.667 0 35
5 326 50 10 2.041 0 35
5 326 50 10 5 0 35
5 326 50 10 1.667 5 35
5 326 50 10 2.041 5 35
5 326 50 10 5 5 35
5 326 150 30 1.667 0 45
5 326 150 30 2.041 0 45
5 326 150 30 5 0 45
5 326 150 30 1.667 5 45
5 326 150 30 2.041 5 45
5 326 150 30 5 5 45
6 517 50 10 1.667 0 35
6 517 50 10 2.041 0 35
6 517 50 10 5 0 35
6 517 50 10 1.667 5 35
6 517 50 10 2.041 5 35
6 517 50 10 5 5 35
6 517 150 30 1.667 0 45
6 517 150 30 2.041 0 45
6 517 150 30 5 0 45
6 517 150 30 1.667 5 45
6 517 150 30 2.041 5 45
6 517 150 30 5 5 45
7 661 50 10 1.667 0 35
7 661 50 10 2.041 0 35
7 661 50 10 5 0 35
7 661 50 10 1.667 5 35
7 661 50 10 2.041 5 35
7 661 50 10 5 5 35
7 661 150 30 1.667 0 45
7 661 150 30 2.041 0 45
7 661 150 30 5 0 45
7 661 150 30 1.667 5 45
7 661 150 30 2.041 5 45
7 661 150 30 5 5 45
8 335 50 10 1.667 0 35
8 335 50 10 2.041 0 35
8 335 50 10 5 0 35
8 335 50 10 1.667 5 35
8 335 50 10 2.041 5 35
8 335 50 10 5 5 35
8 335 150 30 1.667 0 45
8 335 150 30 2.041 0 45
8 335 150 30 5 0 45
8 335 150 30 1.667 5 45
8 335 150 30 2.041 5 45
8 335 150 30 5 5 45
9 874 50 10 1.667 0 35
9 874 50 10 2.041 0 35
9 874 50 10 5 0 35
9 874 50 10 1.667 5 35
9 874 50 10 2.041 5 35
9 874 50 10 5 5 35
9 874 150 30 1.667 0 45
9 874 150 30 2.041 0 45
9 874 150 30 5 0 45
9 874 150 30 1.667 5 45
9 874 150 30 2.041 5 45
9 874 150 30 5 5 45
10 422 50 10 1.667 0 35
10 422 50 10 2.041 0 35
10 422 50 10 5 0 35
10 422 50 10 1.667 5 35
10 422 50 10 2.041 5 35
10 422 50 10 5 5 35
10 422 150 30 1.667 0 45
10 422 150 30 2.041 0 45
10 422 150 30 5 0 45
10 422 150 30 1.667 5 45
10 422 150 30 2.041 5 45
10 422 150 30 5 5 45
11 414 50 10 1.667 0 35
11 414 50 10 2.041 0 35
11 414 50 10 5 0 35
11 414 50 10 1.667 5 35
11 414 50 10 2.041 5 35
11 414 50 10 5 5 35
11 414 150 30 1.667 0 45
11 414 150 30 2.041 0 45
11 414 150 30 5 0 45
11 414 150 30 1.667 5 45
11 414 150 30 2.041 5 45
11 414 150 30 5 5 45
12 4 50 10 1.667 0 35
12 4 50 10 2.041 0 35
12 4 50 10 5 0 35
12 4 50 10 1.667 5 35
12 4 50 10 2.041 5 35
12 4 50 10 5 5 35
12 4 150 30 1.667 0 45
12 4 150 30 2.041 0 45
12 4 150 30 5 0 45
12 4 150 30 1.667 5 45
12 4 150 30 2.041 5 45
12 4 150 30 5 5 45
13 831 50 10 1.667 0 35
13 831 50 10 2.041 0 35
13 831 50 10 5 0 35
13 831 50 10 1.667 5 35
13 831 50 10 2.041 5 35
13 831 50 10 5 5 35
13 831 150 30 1.667 0 45
13 831 150 30 2.041 0 45
13 831 150 30 5 0 45
13 831 150 30 1.667 5 45
13 831 150 30 2.041 5 45
13 831 150 30 5 5 45
14 349 50 10 1.667 0 35
14 349 50 10 2.041 0 35
14 349 50 10 5 0 35
14 349 50 10 1.667 5 35
14 349 50 10 2.041 5 35
14 349 50 10 5 5 35
14 349 150 30 1.667 0 45
14 349 150 30 2.041 0 45
14 349 150 30 5 0 45
14 349 150 30 1.667 5 45
14 349 150 30 2.041 5 45
14 349 150 30 5 5 45
15 308 50 10 1.667 0 35
15 308 50 10 2.041 0 35
15 308 50 10 5 0 35
15 308 50 10 1.667 5 35
15 308 50 10 2.041 5 35
15 308 50 10 5 5 35
15 308 150 30 1.667 0 45
15 308 150 30 2.041 0 45
15 308 150 30 5 0 45
15 308 150 30 1.667 5 45
15 308 150 30 2.041 5 45
15 308 150 30 5 5 45
16 407 50 10 1.667 0 35
16 407 50 10 2.041 0 35
16 407 50 10 5 0 35
16 407 50 10 1.667 5 35
16 407 50 10 2.041 5 35
16 407 50 10 5 5 35
16 407 150 30 1.667 0 45
16 407 150 30 2.041 0 45
16 407 150 30 5 0 45
16 407 150 30 1.667 5 45
16 407 150 30 2.041 5 45
16 407 150 30 5 5 45
17 705 50 10 1.667 0 35
17 705 50 10 2.041 0 35
17 705 50 10 5 0 35
17 705 50 10 1.667 5 35
17 705 50 10 2.041 5 35
17 705 50 10 5 5 35
17 705 150 30 1.667 0 45
17 705 150 30 2.041 0 45
17 705 150 30 5 0 45
17 705 150 30 1.667 5 45
17 705 150 30 2.041 5 45
17 705 150 30 5 5 45
18 158 50 10 1.667 0 35
18 158 50 10 2.041 0 35
18 158 50 10 5 0 35
18 158 50 10 1.667 5 35
18 158 50 10 2.041 5 35
18 158 50 10 5 5 35
18 158 150 30 1.667 0 45
18 158 150 30 2.041 0 45
18 158 150 30 5 0 45
18 158 150 30 1.667 5 45
18 158 150 30 2.041 5 45
18 158 150 30 5 5 45
19 948 50 10 1.667 0 35
19 948 50 10 2.041 0 35
19 948 50 10 5 0 35
19 948 50 10 1.667 5 35
19 948 50 10 2.041 5 35
19 948 50 10 5 5 35
19 948 150 30 1.667 0 45
19 948 150 30 2.041 0 45
19 948 150 30 5 0 45
19 948 150 30 1.667 5 45
19 948 150 30 2.041 5 45
19 948 150 30 5 5 45
20 737 50 10 1.667 0 35
20 737 50 10 2.041 0 35
20 737 50 10 5 0 35
20 737 50 10 1.667 5 35
20 737 50 10 2.041 5 35
20 737 50 10 5 5 35
20 737 150 30 1.667 0 45
20 737 150 30 2.041 0 45
20 737 150 30 5 0 45
20 737 150 30 1.667 5 45
20 737 150 30 2.041 5 45
20 737 150 30 5 5 45
21 675 50 10 1.667 0 35
21 675 50 10 2.041 0 35
21 675 50 10 5 0 35
21 675 50 10 1.667 5 35
21 675 50 10 2.041 5 35
21 675 50 10 5 5 35
21 675 150 30 1.667 0 45
21 675 150 30 2.041 0 45
21 675 150 30 5 0 45
21 675 150 30 1.667 5 45
21 675 150 30 2.041 5 45
21 675 150 30 5 5 45
22 341 50 10 1.667 0 35
22 341 50 10 2.041 0 35
22 341 50 10 5 0 35
22 341 50 10 1.667 5 35
22 341 50 10 2.041 5 35
22 341 50 10 5 5 35
22 341 150 30 1.667 0 45
22 341 150 30 2.041 0 45
22 341 150 30 5 0 45
22 341 150 30 1.667 5 45
22 341 150 30 2.041 5 45
22 341 150 30 5 5 45
23 400 50 10 1.667 0 35
23 400 50 10 2.041 0 35
23 400 50 10 5 0 35
23 400 50 10 1.667 5 35
23 400 50 10 2.041 5 35
23 400 50 10 5 5 35
23 400 150 30 1.667 0 45
23 400 150 30 2.041 0 45
23 400 150 30 5 0 45
23 400 150 30 1.667 5 45
23 400 150 30 2.041 5 45
23 400 150 30 5 5 45
24 742 50 10 1.667 0 35
24 742 50 10 2.041 0 35
24 742 50 10 5 0 35
24 742 50 10 1.667 5 35
24 742 50 10 2.041 5 35
24 742 50 10 5 5 35
24 742 150 30 1.667 0 45
24 742 150 30 2.041 0 45
24 742 150 30 5 0 45
24 742 150 30 1.667 5 45
24 742 150 30 2.041 5 45
24 742 150 30 5 5 45
25 665 50 10 1.667 0 35
25 665 50 10 2.041 0 35
25 665 50 10 5 0 35
25 665 50 10 1.667 5 35
25 665 50 10 2.041 5 35
25 665 50 10 5 5 35
25 665 150 30 1.667 0 45
25 665 150 30 2.041 0 45
25 665 150 30 5 0 45
25 665 150 30 1.667 5 45
25 665 150 30 2.041 5 45
25 665 150 30 5 5 45
26 443 50 10 1.667 0 35
26 443 50 10 2.041 0 35
26 443 50 10 5 0 35
26 443 50 10 1.667 5 35
26 443 50 10 2.041 5 35
26 443 50 10 5 5 35
26 443 150 30 1.667 0 45
26 443 150 30 2.041 0 45
26 443 150 30 5 0 45
26 443 150 30 1.667 5 45
26 443 150 30 2.041 5 45
26 443 150 30 5 5 45
27 255 50 10 1.667 0 35
27 255 50 10 2.041 0 35
27 255 50 10 5 0 35
27 255 50 10 1.667 5 35
27 255 50 10 2.041 5 35
27 255 50 10 5 5 35
27 255 150 30 1.667 0 45
27 255 150 30 2.041 0 45
27 255 150 30 5 0 45
27 255 150 30 1.667 5 45
27 255 150 30 2.041 5 45
27 255 150 30 5 5 45
28 560 50 10 1.667 0 35
28 560 50 10 2.041 0 35
28 560 50 10 5 0 35
28 560 50 10 1.667 5 35
28 560 50 10 2.041 5 35
28 560 50 10 5 5 35
28 560 150 30 1.667 0 45
28 560 150 30 2.041 0 45
28 560 150 30 5 0 45
28 560 150 30 1.667 5 45
28 560 150 30 2.041 5 45
28 560 150 30 5 5 45
29 480 50 10 1.667 0 35
29 480 50 10 2.041 0 35
29 480 50 10 5 0 35
29 480 50 10 1.667 5 35
29 480 50 10 2.041 5 35
29 480 50 10 5 5 35
29 480 150 30 1.667 0 45
29 480 150 30 2.041 0 45
29 480 150 30 5 0 45
29 480 150 30 1.667 5 45
29 480 150 30 2.041 5 45
29 480 150 30 5 5 45
30 371 50 10 1.667 0 35
30 371 50 10 2.041 0 35
30 371 50 10 5 0 35
30 371 50 10 1.667 5 35
30 371 50 10 2.041 5 35
30 371 50 10 5 5 35
30 371 150 30 1.667 0 45
30 371 150 30 2.041 0 45
30 371 150 30 5 0 45
30 371 150 30 1.667 5 45
30 371 150 30 2.041 5 45
30 371 150 30 5 5 45
31 579 50 10 1.667 0 35
31 579 50 10 2.041 0 35
31 579 50 10 5 0 35
31 579 50 10 1.667 5 35
31 579 50 10 2.041 5 35
31 579 50 10 5 5 35
31 579 150 30 1.667 0 45
31 579 150 30 2.041 0 45
31 579 150 30 5 0 45
31 579 150 30 1.667 5 45
31 579 150 30 2.041 5 45
31 579 150 30 5 5 45
32 897 50 10 1.667 0 35
32 897 50 10 2.041 0 35
32 897 50 10 5 0 35
32 897 50 10 1.667 5 35
32 897 50 10 2.041 5 35
32 897 50 10 5 5 35
32 897 150 30 1.667 0 45
32 897 150 30 2.041 0 45
32 897 150 30 5 0 45
32 897 150 30 1.667 5 45
32 897 150 30 2.041 5 45
32 897 150 30 5 5 45
33 310 50 10 1.667 0 35
33 310 50 10 2.041 0 35
33 310 50 10 5 0 35
33 310 50 10 1.667 5 35
33 310 50 10 2.041 5 35
33 310 50 10 5 5 35
33 310 150 30 1.667 0 45
33 310 150 30 2.041 0 45
33 310 150 30 5 0 45
33 310 150 30 1.667 5 45
33 310 150 30 2.041 5 45
33 310 150 30 5 5 45
34 348 50 10 1.667 0 35
34 348 50 10 2.041 0 35
34 348 50 10 5 0 35
34 348 50 10 1.667 5 35
34 348 50 10 2.041 5 35
34 348 50 10 5 5 35
34 348 150 30 1.667 0 45
34 348 150 30 2.041 0 45
34 348 150 30 5 0 45
34 348 150 30 1.667 5 45
34 348 150 30 2.041 5 45
34 348 150 30 5 5 45
35 593 50 10 1.667 0 35
35 593 50 10 2.041 0 35
35 593 50 10 5 0 35
35 593 50 10 1.667 5 35
35 593 50 10 2.041 5 35
35 593 50 10 5 5 35
35 593 150 30 1.667 0 45
35 593 150 30 2.041 0 45
35 593 150 30 5 0 45
35 593 150 30 1.667 5 45
35 593 150 30 2.041 5 45
35 593 150 30 5 5 45
36 674 50 10 1.667 0 35
36 674 50 10 2.041 0 35
36 674 50 10 5 0 35
36 674 50 10 1.667 5 35
36 674 50 10 2.041 5 35
36 674 50 10 5 5 35
36 674 150 30 1.667 0 45
36 674 150 30 2.041 0 45
36 674 150 30 5 0 45
36 674 150 30 1.667 5 45
36 674 150 30 2.041 5 45
36 674 150 30 5 5 45
37 642 50 10 1.667 0 35
37 642 50 10 2.041 0 35
37 642 50 10 5 0 35
37 642 50 10 1.667 5 35
37 642 50 10 2.041 5 35
37 642 50 10 5 5 35
37 642 150 30 1.667 0 45
37 642 150 30 2.041 0 45
37 642 150 30 5 0 45
37 642 150 30 1.667 5 45
37 642 150 30 2.041 5 45
37 642 150 30 5 5 45
38 42 50 10 1.667 0 35
38 42 50 10 2.041 0 35
38 42 50 10 5 0 35
38 42 50 10 1.667 5 35
38 42 50 10 2.041 5 35
38 42 50 10 5 5 35
38 42 150 30 1.667 0 45
38 42 150 30 2.041 0 45
38 42 150 30 5 0 45
38 42 150 30 1.667 5 45
38 42 150 30 2.041 5 45
38 42 150 30 5 5 45
39 762 50 10 1.667 0 35
39 762 50 10 2.041 0 35
39 762 50 10 5 0 35
39 762 50 10 1.667 5 35
39 762 50 10 2.041 5 35
39 762 50 10 5 5 35
39 762 150 30 1.667 0 45
39 762 150 30 2.041 0 45
39 762 150 30 5 0 45
39 762 150 30 1.667 5 45
39 762 150 30 2.041 5 45
39 762 150 30 5 5 45
40 757 50 10 1.667 0 35
40 757 50 10 2.041 0 35
40 757 50 10 5 0 35
40 757 50 10 1.667 5 35
40 757 50 10 2.041 5 35
40 757 50 10 5 5 35
40 757 150 30 1.667 0 45
40 757 150 30 2.041 0 45
40 757 150 30 5 0 45
40 757 150 30 1.667 5 45
40 757 150 30 2.041 5 45
40 757 150 30 5 5 45
41 104 50 10 1.667 0 35
41 104 50 10 2.041 0 35
41 104 50 10 5 0 35
41 104 50 10 1.667 5 35
41 104 50 10 2.041 5 35
41 104 50 10 5 5 35
41 104 150 30 1.667 0 45
41 104 150 30 2.041 0 45
41 104 150 30 5 0 45
41 104 150 30 1.667 5 45
41 104 150 30 2.041 5 45
41 104 150 30 5 5 45
42 490 50 10 1.667 0 35
42 490 50 10 2.041 0 35
42 490 50 10 5 0 35
42 490 50 10 1.667 5 35
42 490 50 10 2.041 5 35
42 490 50 10 5 5 35
42 490 150 30 1.667 0 45
42 490 150 30 2.041 0 45
42 490 150 30 5 0 45
42 490 150 30 1.667 5 45
42 490 150 30 2.041 5 45
42 490 150 30 5 5 45
43 385 50 10 1.667 0 35
43 385 50 10 2.041 0 35
43 385 50 10 5 0 35
43 385 50 10 1.667 5 35
43 385 50 10 2.041 5 35
43 385 50 10 5 5 35
43 385 150 30 1.667 0 45
43 385 150 30 2.041 0 45
43 385 150 30 5 0 45
43 385 150 30 1.667 5 45
43 385 150 30 2.041 5 45
43 385 150 30 5 5 45
44 687 50 10 1.667 0 35
44 687 50 10 2.041 0 35
44 687 50 10 5 0 35
44 687 50 10 1.667 5 35
44 687 50 10 2.041 5 35
44 687 50 10 5 5 35
44 687 150 30 1.667 0 45
44 687 150 30 2.041 0 45
44 687 150 30 5 0 45
44 687 150 30 1.667 5 45
44 687 150 30 2.041 5 45
44 687 150 30 5 5 45
45 970 50 10 1.667 0 35
45 970 50 10 2.041 0 35
45 970 50 10 5 0 35
45 970 50 10 1.667 5 35
45 970 50 10 2.041 5 35
45 970 50 10 5 5 35
45 970 150 30 1.667 0 45
45 970 150 30 2.041 0 45
45 970 150 30 5 0 45
45 970 150 30 1.667 5 45
45 970 150 30 2.041 5 45
45 970 150 30 5 5 45
46 565 50 10 1.667 0 35
46 565 50 10 2.041 0 35
46 565 50 10 5 0 35
46 565 50 10 1.667 5 35
46 565 50 10 2.041 5 35
46 565 50 10 5 5 35
46 565 150 30 1.667 0 45
46 565 150 30 2.041 0 45
46 565 150 30 5 0 45
46 565 150 30 1.667 5 45
46 565 150 30 2.041 5 45
46 565 150 30 5 5 45
47 628 50 10 1.667 0 35
47 628 50 10 2.041 0 35
47 628 50 10 5 0 35
47 628 50 10 1.667 5 35
47 628 50 10 2.041 5 35
47 628 50 10 5 5 35
47 628 150 30 1.667 0 45
47 628 150 30 2.041 0 45
47 628 150 30 5 0 45
47 628 150 30 1.667 5 45
47 628 150 30 2.041 5 45
47 628 150 30 5 5 45
48 863 50 10 1.667 0 35
48 863 50 10 2.041 0 35
48 863 50 10 5 0 35
48 863 50 10 1.667 5 35
48 863 50 10 2.041 5 35
48 863 50 10 5 5 35
48 863 150 30 1.667 0 45
48 863 150 30 2.041 0 45
48 863 150 30 5 0 45
48 863 150 30 1.667 5 45
48 863 150 30 2.041 5 45
48 863 150 30 5 5 45
49 67 50 10 1.667 0 35
49 67 50 10 2.041 0 35
49 67 50 10 5 0 35
49 67 50 10 1.667 5 35
49 67 50 10 2.041 5 35
49 67 50 10 5 5 35
49 67 150 30 1.667 0 45
49 67 150 30 2.041 0 45
49 67 150 30 5 0 45
49 67 150 30 1.667 5 45
49 67 150 30 2.041 5 45
49 67 150 30 5 5 45
50 979 50 10 1.667 0 35
50 979 50 10 2.041 0 35
50 979 50 10 5 0 35
50 979 50 10 1.667 5 35
50 979 50 10 2.041 5 35
50 979 50 10 5 5 35
50 979 150 30 1.667 0 45
50 979 150 30 2.041 0 45
50 979 150 30 5 0 45
50 979 150 30 1.667 5 45
50 979 150 30 2.041 5 45
50 979 150 30 5 5 45
51 203 50 10 1.667 0 35
51 203 50 10 2.041 0 35
51 203 50 10 5 0 35
51 203 50 10 1.667 5 35
51 203 50 10 2.041 5 35
51 203 50 10 5 5 35
51 203 150 30 1.667 0 45
51 203 150 30 2.041 0 45
51 203 150 30 5 0 45
51 203 150 30 1.667 5 45
51 203 150 30 2.041 5 45
51 203 150 30 5 5 45
52 766 50 10 1.667 0 35
52 766 50 10 2.041 0 35
52 766 50 10 5 0 35
52 766 50 10 1.667 5 35
52 766 50 10 2.041 5 35
52 766 50 10 5 5 35
52 766 150 30 1.667 0 45
52 766 150 30 2.041 0 45
52 766 150 30 5 0 45
52 766 150 30 1.667 5 45
52 766 150 30 2.041 5 45
52 766 150 30 5 5 45
53 810 50 10 1.667 0 35
53 810 50 10 2.041 0 35
53 810 50 10 5 0 35
53 810 50 10 1.667 5 35
53 810 50 10 2.041 5 35
53 810 50 10 5 5 35
53 810 150 30 1.667 0 45
53 810 150 30 2.041 0 45
53 810 150 30 5 0 45
53 810 150 30 1.667 5 45
53 810 150 30 2.041 5 45
53 810 150 30 5 5 45
54 282 50 10 1.667 0 35
54 282 50 10 2.041 0 35
54 282 50 10 5 0 35
54 282 50 10 1.667 5 35
54 282 50 10 2.041 5 35
54 282 50 10 5 5 35
54 282 150 30 1.667 0 45
54 282 150 30 2.041 0 45
54 282 150 30 5 0 45
54 282 150 30 1.667 5 45
54 282 150 30 2.041 5 45
54 282 150 30 5 5 45
55 530 50 10 1.667 0 35
55 530 50 10 2.041 0 35
55 530 50 10 5 0 35
55 530 50 10 1.667 5 35
55 530 50 10 2.041 5 35
55 530 50 10 5 5 35
55 530 150 30 1.667 0 45
55 530 150 30 2.041 0 45
55 530 150 30 5 0 45
55 530 150 30 1.667 5 45
55 530 150 30 2.041 5 45
55 530 150 30 5 5 45
56 700 50 10 1.667 0 35
56 700 50 10 2.041 0 35
56 700 50 10 5 0 35
56 700 50 10 1.667 5 35
56 700 50 10 2.041 5 35
56 700 50 10 5 5 35
56 700 150 30 1.667 0 45
56 700 150 30 2.041 0 45
56 700 150 30 5 0 45
56 700 150 30 1.667 5 45
56 700 150 30 2.041 5 45
56 700 150 30 5 5 45
57 214 50 10 1.667 0 35
57 214 50 10 2.041 0 35
57 214 50 10 5 0 35
57 214 50 10 1.667 5 35
57 214 50 10 2.041 5 35
57 214 50 10 5 5 35
57 214 150 30 1.667 0 45
57 214 150 30 2.041 0 45
57 214 150 30 5 0 45
57 214 150 30 1.667 5 45
57 214 150 30 2.041 5 45
57 214 150 30 5 5 45
58 54 50 10 1.667 0 35
58 54 50 10 2.041 0 35
58 54 50 10 5 0 35
58 54 50 10 1.667 5 35
58 54 50 10 2.041 5 35
58 54 50 10 5 5 35
58 54 150 30 1.667 0 45
58 54 150 30 2.041 0 45
58 54 150 30 5 0 45
58 54 150 30 1.667 5 45
58 54 150 30 2.041 5 45
58 54 150 30 5 5 45
59 377 50 10 1.667 0 35
59 377 50 10 2.041 0 35
59 377 50 10 5 0 35
59 377 50 10 1.667 5 35
59 377 50 10 2.041 5 35
59 377 50 10 5 5 35
59 377 150 30 1.667 0 45
59 377 150 30 2.041 0 45
59 377 150 30 5 0 45
59 377 150 30 1.667 5 45
59 377 150 30 2.041 5 45
59 377 150 30 5 5 45
60 915 50 10 1.667 0 35
60 915 50 10 2.041 0 35
60 915 50 10 5 0 35
60 915 50 10 1.667 5 35
60 915 50 10 2.041 5 35
60 915 50 10 5 5 35
60 915 150 30 1.667 0 45
60 915 150 30 2.041 0 45
60 915 150 30 5 0 45
60 915 150 30 1.667 5 45
60 915 150 30 2.041 5 45
60 915 150 30 5 5 45
61 48 50 10 1.667 0 35
61 48 50 10 2.041 0 35
61 48 50 10 5 0 35
61 48 50 10 1.667 5 35
61 48 50 10 2.041 5 35
61 48 50 10 5 5 35
61 48 150 30 1.667 0 45
61 48 150 30 2.041 0 45
61 48 150 30 5 0 45
61 48 150 30 1.667 5 45
61 48 150 30 2.041 5 45
61 48 150 30 5 5 45
62 933 50 10 1.667 0 35
62 933 50 10 2.041 0 35
62 933 50 10 5 0 35
62 933 50 10 1.667 5 35
62 933 50 10 2.041 5 35
62 933 50 10 5 5 35
62 933 150 30 1.667 0 45
62 933 150 30 2.041 0 45
62 933 150 30 5 0 45
62 933 150 30 1.667 5 45
62 933 150 30 2.041 5 45
62 933 150 30 5 5 45
63 597 50 10 1.667 0 35
63 597 50 10 2.041 0 35
63 597 50 10 5 0 35
63 597 50 10 1.667 5 35
63 597 50 10 2.041 5 35
63 597 50 10 5 5 35
63 597 150 30 1.667 0 45
63 597 150 30 2.041 0 45
63 597 150 30 5 0 45
63 597 150 30 1.667 5 45
63 597 150 30 2.041 5 45
63 597 150 30 5 5 45
64 406 50 10 1.667 0 35
64 406 50 10 2.041 0 35
64 406 50 10 5 0 35
64 406 50 10 1.667 5 35
64 406 50 10 2.041 5 35
64 406 50 10 5 5 35
64 406 150 30 1.667 0 45
64 406 150 30 2.041 0 45
64 406 150 30 5 0 45
64 406 150 30 1.667 5 45
64 406 150 30 2.041 5 45
64 406 150 30 5 5 45
65 458 50 10 1.667 0 35
65 458 50 10 2.041 0 35
65 458 50 10 5 0 35
65 458 50 10 1.667 5 35
65 458 50 10 2.041 5 35
65 458 50 10 5 5 35
65 458 150 30 1.667 0 45
65 458 150 30 2.041 0 45
65 458 150 30 5 0 45
65 458 150 30 1.667 5 45
65 458 150 30 2.041 5 45
65 458 150 30 5 5 45
66 402 50 10 1.667 0 35
66 402 50 10 2.041 0 35
66 402 50 10 5 0 35
66 402 50 10 1.667 5 35
66 402 50 10 2.041 5 35
66 402 50 10 5 5 35
66 402 150 30 1.667 0 45
66 402 150 30 2.041 0 45
66 402 150 30 5 0 45
66 402 150 30 1.667 5 45
66 402 150 30 2.041 5 45
66 402 150 30 5 5 45
67 791 50 10 1.667 0 35
67 791 50 10 2.041 0 35
67 791 50 10 5 0 35
67 791 50 10 1.667 5 35
67 791 50 10 2.041 5 35
67 791 50 10 5 5 35
67 791 150 30 1.667 0 45
67 791 150 30 2.041 0 45
67 791 150 30 5 0 45
67 791 150 30 1.667 5 45
67 791 150 30 2.041 5 45
67 791 150 30 5 5 45
68 508 50 10 1.667 0 35
68 508 50 10 2.041 0 35
68 508 50 10 5 0 35
68 508 50 10 1.667 5 35
68 508 50 10 2.041 5 35
68 508 50 10 5 5 35
68 508 150 30 1.667 0 45
68 508 150 30 2.041 0 45
68 508 150 30 5 0 45
68 508 150 30 1.667 5 45
68 508 150 30 2.041 5 45
68 508 150 30 5 5 45
69 289 50 10 1.667 0 35
69 289 50 10 2.041 0 35
69 289 50 10 5 0 35
69 289 50 10 1.667 5 35
69 289 50 10 2.041 5 35
69 289 50 10 5 5 35
69 289 150 30 1.667 0 45
69 289 150 30 2.041 0 45
69 289 150 30 5 0 45
69 289 150 30 1.667 5 45
69 289 150 30 2.041 5 45
69 289 150 30 5 5 45
70 484 50 10 1.667 0 35
70 484 50 10 2.041 0 35
70 484 50 10 5 0 35
70 484 50 10 1.667 5 35
70 484 50 10 2.041 5 35
70 484 50 10 5 5 35
70 484 150 30 1.667 0 45
70 484 150 30 2.041 0 45
70 484 150 30 5 0 45
70 484 150 30 1.667 5 45
70 484 150 30 2.041 5 45
70 484 150 30 5 5 45
71 87 50 10 1.667 0 35
71 87 50 10 2.041 0 35
71 87 50 10 5 0 35
71 87 50 10 1.667 5 35
71 87 50 10 2.041 5 35
71 87 50 10 5 5 35
71 87 150 30 1.667 0 45
71 87 150 30 2.041 0 45
71 87 150 30 5 0 45
71 87 150 30 1.667 5 45
71 87 150 30 2.041 5 45
71 87 150 30 5 5 45
72 279 50 10 1.667 0 35
72 279 50 10 2.041 0 35
72 279 50 10 5 0 35
72 279 50 10 1.667 5 35
72 279 50 10 2.041 5 35
72 279 50 10 5 5 35
72 279 150 30 1.667 0 45
72 279 150 30 2.041 0 45
72 279 150 30 5 0 45
72 279 150 30 1.667 5 45
72 279 150 30 2.041 5 45
72 279 150 30 5 5 45
73 287 50 10 1.667 0 35
73 287 50 10 2.041 0 35
73 287 50 10 5 0 35
73 287 50 10 1.667 5 35
73 287 50 10 2.041 5 35
73 287 50 10 5 5 35
73 287 150 30 1.667 0 45
73 287 150 30 2.041 0 45
73 287 150 30 5 0 45
73 287 150 30 1.667 5 45
73 287 150 30 2.041 5 45
73 287 150 30 5 5 45
74 278 50 10 1.667 0 35
74 278 50 10 2.041 0 35
74 278 50 10 5 0 35
74 278 50 10 1.667 5 35
74 278 50 10 2.041 5 35
74 278 50 10 5 5 35
74 278 150 30 1.667 0 45
74 278 150 30 2.041 0 45
74 278 150 30 5 0 45
74 278 150 30 1.667 5 45
74 278 150 30 2.041 5 45
74 278 150 30 5 5 45
75 951 50 10 1.667 0 35
75 951 50 10 2.041 0 35
75 951 50 10 5 0 35
75 951 50 10 1.667 5 35
75 951 50 10 2.041 5 35
75 951 50 10 5 5 35
75 951 150 30 1.667 0 45
75 951 150 30 2.041 0 45
75 951 150 30 5 0 45
75 951 150 30 1.667 5 45
75 951 150 30 2.041 5 45
75 951 150 30 5 5 45
76 492 50 10 1.667 0 35
76 492 50 10 2.041 0 35
76 492 50 10 5 0 35
76 492 50 10 1.667 5 35
76 492 50 10 2.041 5 35
76 492 50 10 5 5 35
76 492 150 30 1.667 0 45
76 492 150 30 2.041 0 45
76 492 150 30 5 0 45
76 492 150 30 1.667 5 45
76 492 150 30 2.041 5 45
76 492 150 30 5 5 45
77 839 50 10 1.667 0 35
77 839 50 10 2.041 0 35
77 839 50 10 5 0 35
77 839 50 10 1.667 5 35
77 839 50 10 2.041 5 35
77 839 50 10 5 5 35
77 839 150 30 1.667 0 45
77 839 150 30 2.041 0 45
77 839 150 30 5 0 45
77 839 150 30 1.667 5 45
77 839 150 30 2.041 5 45
77 839 150 30 5 5 45
78 314 50 10 1.667 0 35
78 314 50 10 2.041 0 35
78 314 50 10 5 0 35
78 314 50 10 1.667 5 35
78 314 50 10 2.041 5 35
78 314 50 10 5 5 35
78 314 150 30 1.667 0 45
78 314 150 30 2.041 0 45
78 314 150 30 5 0 45
78 314 150 30 1.667 5 45
78 314 150 30 2.041 5 45
78 314 150 30 5 5 45
79 427 50 10 1.667 0 35
79 427 50 10 2.041 0 35
79 427 50 10 5 0 35
79 427 50 10 1.667 5 35
79 427 50 10 2.041 5 35
79 427 50 10 5 5 35
79 427 150 30 1.667 0 45
79 427 150 30 2.041 0 45
79 427 150 30 5 0 45
79 427 150 30 1.667 5 45
79 427 150 30 2.041 5 45
79 427 150 30 5 5 45
80 254 50 10 1.667 0 35
80 254 50 10 2.041 0 35
80 254 50 10 5 0 35
80 254 50 10 1.667 5 35
80 254 50 10 2.041 5 35
80 254 50 10 5 5 35
80 254 150 30 1.667 0 45
80 254 150 30 2.041 0 45
80 254 150 30 5 0 45
80 254 150 30 1.667 5 45
80 254 150 30 2.041 5 45
80 254 150 30 5 5 45
81 606 50 10 1.667 0 35
81 606 50 10 2.041 0 35
81 606 50 10 5 0 35
81 606 50 10 1.667 5 35
81 606 50 10 2.041 5 35
81 606 50 10 5 5 35
81 606 150 30 1.667 0 45
81 606 150 30 2.041 0 45
81 606 150 30 5 0 45
81 606 150 30 1.667 5 45
81 606 150 30 2.041 5 45
81 606 150 30 5 5 45
82 546 50 10 1.667 0 35
82 546 50 10 2.041 0 35
82 546 50 10 5 0 35
82 546 50 10 1.667 5 35
82 546 50 10 2.041 5 35
82 546 50 10 5 5 35
82 546 150 30 1.667 0 45
82 546 150 30 2.041 0 45
82 546 150 30 5 0 45
82 546 150 30 1.667 5 45
82 546 150 30 2.041 5 45
82 546 150 30 5 5 45
83 573 50 10 1.667 0 35
83 573 50 10 2.041 0 35
83 573 50 10 5 0 35
83 573 50 10 1.667 5 35
83 573 50 10 2.041 5 35
83 573 50 10 5 5 35
83 573 150 30 1.667 0 45
83 573 150 30 2.041 0 45
83 573 150 30 5 0 45
83 573 150 30 1.667 5 45
83 573 150 30 2.041 5 45
83 573 150 30 5 5 45
84 456 50 10 1.667 0 35
84 456 50 10 2.041 0 35
84 456 50 10 5 0 35
84 456 50 10 1.667 5 35
84 456 50 10 2.041 5 35
84 456 50 10 5 5 35
84 456 150 30 1.667 0 45
84 456 150 30 2.041 0 45
84 456 150 30 5 0 45
84 456 150 30 1.667 5 45
84 456 150 30 2.041 5 45
84 456 150 30 5 5 45
85 256 50 10 1.667 0 35
85 256 50 10 2.041 0 35
85 256 50 10 5 0 35
85 256 50 10 1.667 5 35
85 256 50 10 2.041 5 35
85 256 50 10 5 5 35
85 256 150 30 1.667 0 45
85 256 150 30 2.041 0 45
85 256 150 30 5 0 45
85 256 150 30 1.667 5 45
85 256 150 30 2.041 5 45
85 256 150 30 5 5 45
86 596 50 10 1.667 0 35
86 596 50 10 2.041 0 35
86 596 50 10 5 0 35
86 596 50 10 1.667 5 35
86 596 50 10 2.041 5 35
86 596 50 10 5 5 35
86 596 150 30 1.667 0 45
86 596 150 30 2.041 0 45
86 596 150 30 5 0 45
86 596 150 30 1.667 5 45
86 596 150 30 2.041 5 45
86 596 150 30 5 5 45
87 534 50 10 1.667 0 35
87 534 50 10 2.041 0 35
87 534 50 10 5 0 35
87 534 50 10 1.667 5 35
87 534 50 10 2.041 5 35
87 534 50 10 5 5 35
87 534 150 30 1.667 0 45
87 534 150 30 2.041 0 45
87 534 150 30 5 0 45
87 534 150 30 1.667 5 45
87 534 150 30 2.041 5 45
87 534 150 30 5 5 45
88 58 50 10 1.667 0 35
88 58 50 10 2.041 0 35
88 58 50 10 5 0 35
88 58 50 10 1.667 5 35
88 58 50 10 2.041 5 35
88 58 50 10 5 5 35
88 58 150 30 1.667 0 45
88 58 150 30 2.041 0 45
88 58 150 30 5 0 45
88 58 150 30 1.667 5 45
88 58 150 30 2.041 5 45
88 58 150 30 5 5 45
89 592 50 10 1.667 0 35
89 592 50 10 2.041 0 35
89 592 50 10 5 0 35
89 592 50 10 1.667 5 35
89 592 50 10 2.041 5 35
89 592 50 10 5 5 35
89 592 150 30 1.667 0 45
89 592 150 30 2.041 0 45
89 592 150 30 5 0 45
89 592 150 30 1.667 5 45
89 592 150 30 2.041 5 45
89 592 150 30 5 5 45
90 637 50 10 1.667 0 35
90 637 50 10 2.041 0 35
90 637 50 10 5 0 35
90 637 50 10 1.667 5 35
90 637 50 10 2.041 5 35
90 637 50 10 5 5 35
90 637 150 30 1.667 0 45
90 637 150 30 2.041 0 45
90 637 150 30 5 0 45
90 637 150 30 1.667 5 45
90 637 150 30 2.041 5 45
90 637 150 30 5 5 45
91 220 50 10 1.667 0 35
91 220 50 10 2.041 0 35
91 220 50 10 5 0 35
91 220 50 10 1.667 5 35
91 220 50 10 2.041 5 35
91 220 50 10 5 5 35
91 220 150 30 1.667 0 45
91 220 150 30 2.041 0 45
91 220 150 30 5 0 45
91 220 150 30 1.667 5 45
91 220 150 30 2.041 5 45
91 220 150 30 5 5 45
92 40 50 10 1.667 0 35
92 40 50 10 2.041 0 35
92 40 50 10 5 0 35
92 40 50 10 1.667 5 35
92 40 50 10 2.041 5 35
92 40 50 10 5 5 35
92 40 150 30 1.667 0 45
92 40 150 30 2.041 0 45
92 40 150 30 5 0 45
92 40 150 30 1.667 5 45
92 40 150 30 2.041 5 45
92 40 150 30 5 5 45
93 652 50 10 1.667 0 35
93 652 50 10 2.041 0 35
93 652 50 10 5 0 35
93 652 50 10 1.667 5 35
93 652 50 10 2.041 5 35
93 652 50 10 5 5 35
93 652 150 30 1.667 0 45
93 652 150 30 2.041 0 45
93 652 150 30 5 0 45
93 652 150 30 1.667 5 45
93 652 150 30 2.041 5 45
93 652 150 30 5 5 45
94 978 50 10 1.667 0 35
94 978 50 10 2.041 0 35
94 978 50 10 5 0 35
94 978 50 10 1.667 5 35
94 978 50 10 2.041 5 35
94 978 50 10 5 5 35
94 978 150 30 1.667 0 45
94 978 150 30 2.041 0 45
94 978 150 30 5 0 45
94 978 150 30 1.667 5 45
94 978 150 30 2.041 5 45
94 978 150 30 5 5 45
95 20 50 10 1.667 0 35
95 20 50 10 2.041 0 35
95 20 50 10 5 0 35
95 20 50 10 1.667 5 35
95 20 50 10 2.041 5 35
95 20 50 10 5 5 35
95 20 150 30 1.667 0 45
95 20 150 30 2.041 0 45
95 20 150 30 5 0 45
95 20 150 30 1.667 5 45
95 20 150 30 2.041 5 45
95 20 150 30 5 5 45
96 440 50 10 1.667 0 35
96 440 50 10 2.041 0 35
96 440 50 10 5 0 35
96 440 50 10 1.667 5 35
96 440 50 10 2.041 5 35
96 440 50 10 5 5 35
96 440 150 30 1.667 0 45
96 440 150 30 2.041 0 45
96 440 150 30 5 0 45
96 440 150 30 1.667 5 45
96 440 150 30 2.041 5 45
96 440 150 30 5 5 45
97 356 50 10 1.667 0 35
97 356 50 10 2.041 0 35
97 356 50 10 5 0 35
97 356 50 10 1.667 5 35
97 356 50 10 2.041 5 35
97 356 50 10 5 5 35
97 356 150 30 1.667 0 45
97 356 150 30 2.041 0 45
97 356 150 30 5 0 45
97 356 150 30 1.667 5 45
97 356 150 30 2.041 5 45
97 356 150 30 5 5 45
98 435 50 10 1.667 0 35
98 435 50 10 2.041 0 35
98 435 50 10 5 0 35
98 435 50 10 1.667 5 35
98 435 50 10 2.041 5 35
98 435 50 10 5 5 35
98 435 150 30 1.667 0 45
98 435 150 30 2.041 0 45
98 435 150 30 5 0 45
98 435 150 30 1.667 5 45
98 435 150 30 2.041 5 45
98 435 150 30 5 5 45
99 123 50 10 1.667 0 35
99 123 50 10 2.041 0 35
99 123 50 10 5 0 35
99 123 50 10 1.667 5 35
99 123 50 10 2.041 5 35
99 123 50 10 5 5 35
99 123 150 30 1.667 0 45
99 123 150 30 2.041 0 45
99 123 150 30 5 0 45
99 123 150 30 1.667 5 45
99 123 150 30 2.041 5 45
99 123 150 30 5 5 45
100 327 50 10 1.667 0 35
100 327 50 10 2.041 0 35
100 327 50 10 5 0 35
100 327 50 10 1.667 5 35
100 327 50 10 2.041 5 35
100 327 50 10 5 5 35
100 327 150 30 1.667 0 45
100 327 150 30 2.041 0 45
100 327 150 30 5 0 45
100 327 150 30 1.667 5 45
100 327 150 30 2.041 5 45
100 327 150 30 5 5 45
